9169867 -116.780000 34.270000 1.310000 4.070000 3.881527 0.037521
9170603 -116.700000 34.010000 11.130000 3.390000 2.268114 0.020678
9172247 -117.230000 33.410000 12.140000 2.510000 0.875263 0.012112
9627721 -116.950000 34.290000 7.610000 4.660000 4.427184 0.026474
9630113 -116.810000 33.670000 15.550000 3.290000 2.501869 0.024766
9633201 -117.000000 34.030000 10.520000 3.180000 2.090253 0.023418
9641857 -116.260000 33.240000 8.390000 3.470000 2.426023 0.025175
9655209 -116.760000 34.020000 13.190000 3.780000 3.125865 0.027938
9700049 -116.420000 33.370000 8.240000 3.490000 3.204555 0.024933
9718013 -116.510000 33.510000 13.680000 5.020000 5.096159 0.028893
9742277 -116.430000 33.380000 11.220000 4.210000 3.869264 0.035557
9758113 -116.710000 34.100000 5.880000 3.380000 2.727159 0.026122
9774569 -116.730000 33.190000 8.130000 3.840000 3.948729 0.039875
9796589 -116.650000 34.100000 8.770000 3.330000 1.763146 0.009670
9797145 -116.650000 34.100000 7.880000 2.940000 0.886158 -0.002246
9818433 -117.780000 33.910000 9.370000 4.780000 4.850760 0.051462
9819237 -116.700000 33.620000 12.720000 2.830000 0.815545 0.004649
9826789 -116.110000 33.220000 14.440000 4.310000 3.421293 0.026244
9852637 -116.880000 34.300000 5.490000 3.580000 2.802734 0.031286
9853417 -116.580000 33.510000 13.260000 3.830000 3.472279 0.037950
9853737 -116.580000 33.510000 12.890000 2.230000 -1.241568 -0.022808
9855477 -116.940000 33.530000 5.210000 3.070000 1.180799 0.003963
9872497 -116.260000 33.890000 10.210000 3.480000 1.670355 0.015415
9915709 -116.020000 33.750000 7.740000 3.870000 1.984072 0.000836
9936817 -116.930000 33.380000 12.950000 2.460000 0.251622 0.003261
9949961 -116.400000 33.410000 11.110000 3.060000 1.977151 0.021949
9992737 -116.580000 33.510000 13.380000 3.100000 1.858212 0.020010
9996937 -116.890000 34.180000 10.230000 2.910000 1.862848 0.025371
9996961 -116.970000 33.420000 9.980000 3.420000 2.424295 0.014983
9997137 -117.260000 34.050000 12.040000 3.290000 2.077633 0.021624
10000605 -116.990000 33.940000 15.760000 3.350000 2.784837 0.030639
10014793 -116.880000 34.300000 3.930000 3.060000 1.763538 0.022908
10054541 -116.510000 33.500000 13.030000 3.230000 2.090732 0.021303
10059745 -116.840000 34.350000 8.030000 4.190000 3.235698 0.007337
10066389 -116.980000 34.150000 9.860000 3.710000 3.010257 0.027868
10095809 -116.710000 33.260000 13.400000 2.510000 0.657383 0.015512
10099601 -117.050000 33.840000 13.600000 2.850000 1.671977 0.016344
10099817 -116.630000 33.460000 6.230000 3.170000 1.844468 0.021631
10146413 -116.780000 34.010000 12.770000 2.790000 0.851955 0.009523
10148369 -116.780000 34.010000 15.680000 4.100000 3.255555 0.030599
10148421 -116.780000 34.010000 17.790000 4.420000 3.758584 0.033755
10183685 -117.030000 34.040000 11.410000 3.240000 2.249570 0.023009
10186533 -116.120000 33.250000 11.260000 2.640000 0.546577 0.009409
10187953 -116.790000 33.920000 17.610000 3.870000 3.110232 0.037405
10201865 -116.330000 33.890000 4.730000 2.700000 0.376370 0.003233
10205997 -116.370000 33.950000 8.370000 3.620000 2.802736 0.023405
10206665 -116.040000 33.180000 12.810000 3.660000 2.338965 0.016231
10206813 -117.080000 33.980000 13.960000 3.120000 1.476984 0.017048
10216101 -117.580000 34.210000 3.850000 3.600000 2.626132 0.020565
10217277 -116.570000 33.480000 12.360000 2.790000 1.091484 0.015392
10223765 -116.050000 33.710000 12.700000 4.110000 3.126410 0.019116
10230869 -116.150000 33.210000 11.880000 4.290000 3.593628 0.033274
10234677 -117.000000 34.050000 14.080000 2.780000 1.069529 0.007694
10249569 -117.390000 34.200000 12.290000 3.920000 3.043305 0.034038
10258309 -116.740000 33.690000 17.290000 2.800000 0.902846 0.009828
10266797 -116.240000 33.300000 12.610000 2.540000 1.573926 0.027090
10275733 -117.480000 33.730000 12.190000 4.730000 4.647648 0.044976
10276637 -117.480000 33.730000 4.090000 3.500000 2.481536 0.015540
10279441 -117.480000 33.730000 11.070000 3.290000 2.022030 0.010198
10285401 -116.840000 33.710000 15.780000 3.120000 1.651618 0.012401
10285533 -117.630000 34.390000 6.370000 4.200000 3.659915 0.031494
10295849 -116.980000 34.160000 7.820000 4.060000 3.940930 0.039288
10310701 -116.860000 34.300000 12.130000 3.660000 2.440010 0.019689
10313201 -116.620000 33.960000 10.770000 2.500000 0.325671 0.005677
10313753 -116.910000 33.120000 10.590000 2.660000 1.840840 0.032863
10318961 -116.110000 33.790000 0.060000 3.160000 1.281803 0.010826
10321561 -116.450000 33.440000 9.250000 4.190000 3.479085 0.032442
10353597 -116.240000 33.280000 4.690000 2.820000 1.255680 0.017303
10353729 -116.740000 33.930000 13.040000 3.390000 2.689728 0.032200
10355849 -116.740000 33.620000 15.490000 2.360000 -0.325107 -0.005669
10357573 -116.040000 33.060000 10.610000 2.700000 0.433817 0.004120
10358289 -116.510000 33.500000 11.950000 2.960000 1.499035 0.019122
10365237 -117.380000 34.160000 7.200000 3.630000 2.705520 0.027661
10365305 -116.430000 34.140000 6.850000 3.080000 1.281071 0.012147
10370141 -117.300000 34.110000 13.820000 4.450000 4.677594 0.049956
10370561 -116.920000 34.310000 5.770000 3.600000 2.757045 0.025388
10379405 -117.470000 33.740000 8.880000 2.620000 0.807458 0.011974
10398321 -117.070000 34.180000 3.530000 2.610000 1.324490 0.027158
10440529 -116.220000 33.100000 11.810000 3.630000 2.672458 0.022797
10456101 -116.460000 33.470000 6.450000 2.930000 1.617026 0.021564
10481781 -116.960000 33.980000 13.570000 3.440000 2.215376 0.020870
10483781 -116.910000 34.110000 8.170000 3.240000 2.104378 0.022993
10495901 -116.840000 33.840000 13.850000 2.910000 1.520604 0.024862
10497213 -117.060000 33.910000 12.860000 3.290000 2.402228 0.031192
10497645 -116.630000 33.410000 6.670000 3.610000 2.100625 0.022887
10530013 -117.020000 33.930000 13.140000 4.280000 4.115884 0.042439
10541485 -117.000000 34.100000 10.290000 2.210000 -0.664819 -0.011673
10541957 -117.180000 34.000000 8.030000 4.100000 2.635412 0.003156
10544901 -117.190000 34.010000 6.810000 3.200000 1.950027 0.005975
10587413 -116.350000 32.990000 7.750000 2.510000 0.290766 0.000371
10632781 -116.450000 33.160000 13.430000 2.880000 1.061029 0.002421
10672565 -116.350000 32.990000 8.830000 3.480000 2.391596 0.031118
10701405 -116.420000 33.380000 11.160000 4.900000 5.801391 0.060939
10736069 -116.470000 33.420000 12.320000 5.430000 5.490418 0.029252
10761973 -116.010000 33.160000 13.300000 3.800000 2.007099 0.015474
10771621 -116.440000 33.980000 7.180000 4.050000 2.959644 0.027829
10777277 -116.850000 33.500000 11.060000 2.550000 0.029831 0.000229
10783581 -116.690000 33.880000 11.980000 3.590000 2.826745 0.030211
10785725 -116.690000 33.880000 12.610000 2.280000 -0.484023 -0.005244
10791749 -116.690000 33.620000 13.460000 2.480000 -0.124927 -0.000658
10792149 -116.200000 33.330000 12.850000 2.680000 -0.106682 -0.003585
10840549 -117.160000 33.990000 14.050000 3.160000 2.055210 0.032179
10861101 -116.420000 33.370000 5.910000 3.170000 1.893161 0.018025
10861797 -116.320000 33.190000 12.160000 2.580000 0.364963 0.005018
10866637 -116.990000 33.830000 11.880000 3.300000 2.267002 0.029555
10871621 -116.770000 33.230000 9.870000 3.110000 1.252610 0.020005
10891021 -116.450000 33.490000 3.210000 2.560000 0.139925 0.000314
10891517 -116.830000 33.700000 15.940000 3.620000 2.632732 0.025770
10901565 -117.130000 33.810000 4.460000 2.730000 1.213697 0.020767
10902605 -116.520000 34.470000 9.180000 3.420000 2.145080 0.018277
10905389 -116.840000 34.280000 4.960000 2.980000 1.437738 0.019147
10913493 -116.770000 33.650000 13.750000 2.790000 0.292116 -0.000207
10981597 -116.420000 33.960000 7.600000 2.910000 0.152474 -0.005847
11006189 -117.080000 33.950000 16.280000 4.140000 2.966105 0.026788
11006789 -117.840000 33.630000 10.610000 3.470000 2.162867 0.038427
11009253 -116.760000 33.300000 10.470000 2.110000 -1.345828 -0.017538
11026941 -116.400000 33.000000 8.060000 2.190000 -0.773949 -0.007296
11034469 -116.270000 33.250000 8.960000 3.850000 2.642417 0.016361
11045893 -116.290000 33.330000 9.690000 2.790000 0.940998 0.013717
11046613 -116.320000 34.010000 9.630000 3.160000 1.551032 0.021882
11050541 -116.050000 33.730000 4.490000 3.470000 2.268843 0.019464
11063837 -116.390000 33.360000 11.650000 2.580000 0.200904 -0.000948
11066957 -116.250000 33.240000 4.660000 3.010000 1.106780 0.014157
11069573 -116.530000 33.450000 10.090000 2.930000 1.102206 0.012843
11077770 -116.430000 34.040000 9.710000 2.630000 -0.031928 -0.006246
11080154 -116.100000 33.230000 11.230000 3.270000 1.364728 0.010993
11083042 -116.050000 33.230000 8.710000 2.590000 -0.600664 -0.015621
11085050 -117.450000 34.150000 12.810000 3.420000 2.061557 0.022967
11085378 -116.450000 33.010000 9.960000 3.310000 2.182826 0.029887
11086258 -116.880000 33.300000 13.890000 3.260000 2.642796 0.037064
11086290 -116.880000 33.300000 13.340000 2.790000 1.336182 0.021339
11087194 -116.850000 33.380000 6.710000 3.000000 1.256912 0.007698
11088010 -116.590000 34.020000 10.550000 2.650000 0.376094 0.007140
11088434 -116.160000 33.860000 1.930000 3.540000 1.147277 -0.003517
11089362 -116.160000 33.850000 3.160000 2.990000 -0.019793 -0.018528
11089882 -116.890000 33.870000 13.100000 2.260000 -0.864563 -0.014528
11090074 -116.180000 33.770000 3.090000 2.930000 0.765134 0.006599
11090202 -116.180000 33.780000 2.750000 2.660000 -0.113453 -0.005889
11127274 -116.370000 34.060000 6.390000 3.310000 1.334258 0.011095
11129106 -116.500000 33.500000 13.710000 2.750000 0.320089 -0.002598
11129282 -117.040000 33.400000 7.800000 2.400000 -0.310946 -0.003709
11131698 -116.300000 33.380000 13.330000 3.360000 2.429217 0.025614
11132314 -116.840000 34.300000 5.700000 3.510000 2.695562 0.031152
11133514 -116.130000 33.960000 6.240000 3.270000 1.716347 0.017846
11204658 -116.360000 33.950000 7.390000 2.890000 0.650160 0.003224
11207138 -116.030000 33.940000 1.940000 2.770000 0.367982 0.006704
11208786 -116.230000 33.000000 5.630000 3.570000 2.918916 0.032397
11208818 -116.760000 34.250000 1.550000 2.800000 0.153855 -0.008791
11209170 -117.180000 34.370000 6.160000 3.410000 2.644485 0.027891
11245850 -116.310000 33.010000 10.220000 3.360000 1.555169 0.017803
11247562 -116.500000 33.860000 12.080000 2.300000 -0.796426 -0.016440
11247690 -116.060000 33.230000 9.820000 3.630000 2.046489 0.017531
11248298 -116.230000 33.290000 8.150000 2.280000 -0.686475 -0.013423
11273498 -116.440000 33.500000 6.960000 3.410000 1.295794 0.005416
11280666 -116.090000 33.800000 2.900000 2.870000 -0.018024 -0.003467
11281370 -116.090000 33.800000 3.320000 3.490000 1.665243 0.014867
11319362 -116.480000 33.500000 8.360000 2.910000 1.052062 0.010825
11321730 -117.170000 34.010000 3.910000 3.090000 1.375402 0.013964
11324986 -116.820000 33.850000 16.840000 2.130000 -1.372917 -0.024597
11327386 -116.700000 33.620000 14.380000 3.410000 1.879088 0.010085
11328074 -116.000000 33.250000 1.840000 3.290000 1.826548 0.019999
11329762 -117.170000 34.000000 10.460000 2.890000 1.338452 0.018297
11345450 -116.740000 33.290000 3.610000 2.150000 -0.838717 -0.012062
11348690 -116.770000 34.290000 0.730000 2.860000 1.106700 0.013693
11349026 -116.760000 34.290000 -0.920000 2.530000 0.602107 0.016800
11350850 -117.480000 34.220000 12.160000 2.210000 -0.260007 0.001480
11351394 -115.970000 33.190000 2.500000 3.210000 1.491131 0.024721
11351442 -115.970000 33.180000 4.080000 2.210000 -0.978621 -0.015870
11359338 -116.420000 33.290000 13.380000 3.220000 2.009675 0.021126
11361074 -116.840000 34.300000 5.510000 2.230000 -0.045475 0.005400
11366218 -116.360000 33.930000 7.420000 2.680000 0.480570 -0.000581
11366538 -117.790000 34.080000 2.620000 3.680000 2.694975 0.030015
11368274 -116.600000 33.460000 12.220000 3.430000 1.947743 0.019446
11372226 -116.810000 34.160000 6.420000 2.410000 -0.165918 -0.001836
11372874 -117.680000 33.800000 6.330000 3.000000 1.408182 0.020596
11374042 -115.980000 33.780000 5.070000 2.520000 0.191392 0.000686
11374618 -116.740000 33.950000 17.170000 2.490000 -0.613907 -0.012628
11379194 -116.720000 33.680000 15.700000 2.910000 0.950927 0.009513
11383562 -116.760000 33.360000 9.230000 2.330000 0.005099 0.007894
11386970 -116.580000 34.020000 10.240000 2.510000 -0.215216 -0.008055
11387578 -117.010000 34.210000 5.750000 2.970000 1.631800 0.021393
11390322 -117.230000 34.020000 16.620000 3.090000 1.517264 0.030239
11397090 -116.460000 33.000000 7.560000 3.160000 2.035106 0.025527
11405642 -117.310000 34.070000 13.840000 2.320000 0.128335 0.010825
11406906 -116.230000 33.010000 5.650000 2.910000 0.696186 0.002262
11407970 -116.480000 33.500000 7.980000 3.080000 1.201162 0.019660
13303428 -115.980000 33.160000 12.830000 3.880000 2.713058 0.020908
13813696 -116.780000 33.500000 14.720000 3.730000 2.738915 0.026762
13813760 -116.780000 33.510000 14.700000 2.750000 0.869828 0.007070
13914532 -116.620000 33.430000 12.200000 2.290000 -0.122366 0.000696
13930844 -116.020000 33.750000 10.560000 3.250000 1.461982 0.010320
13936432 -116.860000 34.320000 2.550000 4.100000 3.226991 0.027993
13936812 -116.850000 34.310000 1.410000 4.500000 3.828596 0.031450
13938300 -116.850000 34.320000 3.010000 2.920000 1.798497 0.021862
13938812 -116.840000 34.320000 1.100000 4.610000 3.157811 0.011708
13939456 -116.860000 34.330000 1.420000 3.630000 2.983303 0.031636
13939856 -116.840000 34.300000 2.990000 4.040000 3.465433 0.031042
13945908 -116.130000 34.360000 3.070000 4.640000 3.199926 0.007701
13952316 -116.330000 33.180000 10.970000 2.710000 0.687031 -0.004667
13959680 -116.070000 33.120000 12.630000 3.340000 2.623252 0.026621
14006400 -116.950000 33.380000 9.600000 2.870000 1.461777 0.010650
14025348 -116.660000 33.560000 8.430000 2.650000 0.974984 0.008482
14039128 -116.930000 34.310000 8.510000 3.490000 3.021907 0.028209
14073800 -116.060000 33.710000 12.650000 4.020000 2.928944 0.016733
14079184 -117.450000 34.130000 5.780000 3.780000 2.804871 0.027580
14091288 -116.400000 34.120000 7.200000 3.630000 2.910109 0.026655
14116972 -117.440000 34.120000 6.150000 4.420000 3.707910 0.030382
14118096 -116.400000 33.950000 7.110000 4.260000 3.591790 0.026310
14131672 -116.850000 33.300000 12.460000 3.450000 2.879939 0.026322
14146956 -116.200000 33.220000 14.860000 4.060000 3.304508 0.030658
14151344 -116.570000 33.530000 13.050000 5.200000 5.575159 0.036409
14157720 -116.930000 34.100000 4.340000 2.810000 1.609483 0.019587
14158696 -117.030000 34.050000 11.480000 3.960000 3.034699 0.026580
14171612 -116.640000 33.140000 11.210000 2.750000 1.386834 0.015836
14176196 -117.020000 34.020000 18.290000 2.950000 0.457670 -0.004125
14176860 -116.040000 33.170000 1.850000 3.090000 0.914912 0.004835
14197132 -116.690000 33.530000 11.710000 3.360000 2.182576 0.019563
14201764 -116.830000 34.330000 3.670000 4.170000 3.328328 0.030204
14202036 -117.270000 33.610000 13.230000 3.420000 2.203961 0.018435
14204720 -117.450000 34.240000 9.710000 3.610000 3.155085 0.032223
14212760 -116.860000 34.340000 3.900000 3.240000 2.302810 0.024068
14218504 -116.180000 33.790000 9.290000 3.660000 2.001387 0.009810
14236768 -116.040000 33.240000 3.460000 4.370000 2.915161 0.008912
14239184 -117.110000 33.860000 10.950000 3.900000 3.152272 0.032282
14242516 -117.480000 33.730000 10.440000 3.690000 2.841791 0.028028
14244008 -116.130000 33.250000 2.940000 3.000000 1.058405 0.007861
14248144 -116.270000 33.980000 4.420000 3.230000 1.239445 -0.001842
14248536 -116.910000 34.290000 5.010000 3.480000 2.639238 0.022685
14254944 -116.600000 33.440000 9.790000 3.180000 1.554806 0.009552
14255632 -116.070000 33.260000 9.000000 4.010000 2.744437 0.018274
14277376 -116.020000 33.220000 2.510000 3.410000 1.644294 0.015291
14277544 -116.020000 33.220000 5.530000 3.010000 0.405767 0.002291
14285004 -116.750000 33.690000 16.460000 2.560000 0.249189 0.000793
14285852 -116.590000 33.450000 10.010000 3.560000 2.206042 0.012953
14287800 -116.500000 33.070000 10.710000 3.560000 2.983141 0.034896
14288180 -116.390000 33.370000 8.110000 3.150000 1.450912 0.011809
14295640 -116.210000 33.870000 4.230000 4.260000 3.443403 0.023408
14312384 -116.480000 33.020000 7.580000 2.870000 1.199111 0.009521
14325248 -116.670000 33.980000 9.680000 2.690000 0.627524 0.012067
14325560 -117.470000 33.740000 9.270000 3.940000 3.347096 0.029795
14334860 -116.550000 33.170000 12.290000 3.300000 2.207055 0.025479
14345468 -116.030000 33.680000 12.280000 2.780000 0.517766 0.002976
14355252 -117.460000 34.140000 3.140000 3.970000 3.332497 0.040382
14358712 -116.030000 33.690000 11.040000 2.440000 -0.327615 -0.007631
14367532 -116.460000 33.450000 9.270000 4.060000 3.280908 0.026582
14371544 -117.110000 33.480000 11.880000 2.330000 0.367329 0.012209
14376612 -117.250000 34.050000 14.100000 3.990000 3.158269 0.030685
14382496 -116.910000 34.120000 4.480000 3.010000 1.109881 0.003280
14382516 -117.020000 33.390000 11.220000 2.750000 0.899297 0.003993
14383980 -117.770000 33.950000 15.500000 5.390000 6.069643 0.056915
14395420 -116.910000 33.770000 12.300000 2.770000 1.305951 0.018817
14396336 -116.970000 34.080000 11.350000 4.140000 4.256096 0.049841
14403732 -116.860000 33.500000 10.840000 4.110000 3.835723 0.038464
14403792 -116.860000 33.500000 10.410000 3.790000 3.140353 0.033125
14404564 -116.910000 34.000000 16.460000 3.200000 1.396015 0.008782
14405040 -116.230000 33.080000 5.410000 3.290000 1.638057 0.013856
14432280 -116.440000 33.250000 2.400000 3.300000 1.623631 0.020277
14439000 -116.760000 33.230000 4.500000 2.860000 1.489256 0.017484
14444832 -116.440000 33.250000 2.300000 3.860000 2.473817 0.019767
14466480 -115.990000 33.260000 5.320000 2.650000 0.647368 0.013171
14491232 -116.720000 33.630000 12.750000 3.530000 2.432562 0.019441
14494128 -117.380000 34.260000 6.230000 3.720000 3.339575 0.040971
14495088 -116.790000 33.530000 14.170000 2.840000 1.150030 0.019450
14497056 -117.490000 34.140000 3.320000 3.270000 1.901940 0.023753
14499272 -116.740000 33.820000 16.420000 2.880000 1.215639 0.014443
14499528 -116.210000 33.100000 8.120000 3.540000 2.342199 0.022429
14500956 -117.030000 33.400000 9.780000 2.410000 0.692008 0.016548
14522660 -116.120000 33.170000 13.610000 2.930000 0.549990 0.003657
14550892 -116.430000 33.260000 3.670000 2.610000 0.226680 0.000354
14561316 -116.750000 33.670000 13.620000 2.530000 -0.462144 -0.006313
14567780 -116.590000 33.490000 7.650000 1.900000 -0.103589 0.002174
14571732 -116.880000 33.970000 8.640000 3.120000 1.430332 0.012962
14571772 -116.880000 33.970000 9.410000 3.240000 1.266025 0.005604
14571828 -116.880000 33.970000 8.780000 4.270000 3.512885 0.036917
14586244 -116.630000 33.410000 6.540000 2.900000 0.570984 -0.001345
14597084 -116.510000 33.150000 8.130000 2.000000 -1.300014 -0.022900
14598996 -116.690000 33.250000 3.800000 3.520000 1.417937 0.001159
14614172 -116.410000 33.050000 13.100000 3.600000 2.194003 0.000177
14694580 -116.440000 33.380000 12.420000 2.130000 -0.748232 -0.011982
14697636 -116.590000 33.430000 8.690000 2.550000 0.285150 0.002304
14724892 -116.370000 33.260000 2.770000 2.730000 -0.264517 -0.017117
14859372 -116.770000 33.370000 8.660000 2.450000 0.027408 -0.005606
14883196 -116.470000 33.000000 4.700000 3.680000 2.962395 0.031528
14883220 -116.580000 33.970000 12.100000 2.940000 1.372986 0.016100
14883716 -116.420000 33.390000 11.470000 3.750000 3.083405 0.029392
14886732 -116.410000 34.140000 3.750000 2.850000 0.937734 0.011998
14893540 -116.330000 33.380000 11.920000 2.370000 -0.545636 -0.011500
14895084 -116.470000 33.140000 9.490000 3.910000 2.765474 0.024253
14929836 -116.860000 33.730000 15.750000 2.960000 1.464642 0.019134
14959236 -116.760000 33.220000 10.020000 3.700000 2.847224 0.034222
14977468 -116.050000 33.230000 9.340000 2.950000 0.131873 0.000873
14978652 -117.870000 34.070000 11.810000 2.990000 1.455028 0.019572
14981908 -116.280000 33.270000 4.700000 2.630000 0.220687 -0.001633
14983836 -116.750000 33.220000 10.300000 1.960000 -1.199135 -0.012949
14992276 -117.050000 34.220000 -0.270000 3.800000 1.530725 0.007040
14995068 -116.750000 34.220000 1.590000 3.180000 1.660120 0.016352
14995172 -116.730000 33.640000 11.590000 3.110000 0.564162 0.004850
14996388 -116.560000 33.980000 11.810000 3.070000 1.445097 0.019289
14997468 -117.270000 34.100000 12.790000 2.930000 1.247342 0.015269
14999972 -116.280000 33.120000 10.070000 2.340000 -0.382443 -0.002503
15001500 -116.740000 33.690000 16.740000 3.600000 2.360221 0.027785
15017980 -116.930000 33.750000 14.340000 3.100000 1.761105 0.020782
15021644 -117.070000 34.130000 7.080000 2.430000 -0.122645 -0.004336
15056180 -117.140000 33.800000 5.280000 2.000000 -0.890081 -0.009106
15056420 -116.970000 34.310000 3.950000 3.100000 1.153134 0.014144
15059420 -116.450000 33.480000 13.140000 3.190000 1.669174 0.022082
15059660 -116.970000 33.790000 14.170000 2.930000 1.150101 0.005786
15060052 -116.800000 33.190000 13.320000 2.880000 1.101882 0.011101
15071396 -116.330000 33.380000 12.130000 2.970000 1.206429 0.010796
15075388 -117.230000 33.970000 11.500000 3.040000 1.671050 0.024674
15075780 -116.460000 34.350000 4.230000 2.410000 -0.042700 -0.001630
15082628 -116.410000 33.450000 11.640000 2.280000 -0.875001 -0.017580
15085220 -117.090000 34.040000 5.590000 2.640000 0.371969 0.008053
15088052 -117.590000 34.010000 4.190000 3.530000 1.762452 0.019485
15102196 -116.950000 34.370000 -1.420000 2.660000 0.461968 0.001625
15136793 -116.380000 33.350000 13.770000 2.790000 0.762351 0.004578
15136913 -117.010000 34.330000 5.040000 2.610000 0.252040 0.004644
15137489 -116.090000 33.790000 1.380000 3.040000 0.565966 -0.003377
15138681 -116.400000 33.320000 6.160000 3.490000 1.759481 0.022115
15139337 -117.720000 33.500000 13.040000 3.930000 3.586465 0.038623
15139881 -116.840000 33.710000 16.750000 3.310000 1.454158 0.006034
15139913 -116.840000 33.710000 16.570000 2.540000 -0.244050 -0.012378
15140953 -116.780000 34.350000 9.530000 2.430000 -0.074651 -0.003545
15150785 -116.400000 33.320000 6.340000 3.610000 2.047611 0.007884
15152625 -116.490000 33.480000 13.920000 3.380000 1.948422 0.023099
15163033 -116.430000 34.250000 0.190000 2.740000 0.186456 0.002774
15164105 -117.790000 33.910000 9.610000 3.990000 3.408963 0.037273
15166225 -116.050000 33.080000 9.820000 3.250000 0.953622 -0.000179
15180441 -117.560000 34.210000 10.990000 3.120000 1.964666 0.025389
15184049 -116.770000 33.910000 18.220000 2.630000 -0.106474 -0.008104
15189073 -117.790000 33.900000 9.990000 4.460000 4.268355 0.055273
15189281 -117.790000 33.900000 10.230000 4.450000 3.902685 0.046659
15189321 -117.790000 33.900000 9.320000 3.360000 2.011782 0.020938
15193185 -116.660000 33.530000 13.140000 2.240000 -1.311451 -0.029783
15193337 -117.040000 33.840000 14.510000 2.700000 0.506950 0.004559
15193601 -117.370000 33.690000 8.170000 2.300000 0.072471 0.009050
15194233 -116.930000 34.300000 5.510000 2.940000 0.875059 0.010171
15194825 -115.980000 33.170000 8.440000 3.400000 1.295630 0.012178
15195785 -117.070000 34.250000 2.080000 3.030000 1.018428 0.007128
15198417 -116.400000 33.320000 5.180000 2.430000 -0.741816 -0.015507
15198697 -116.200000 33.870000 7.860000 3.310000 1.246830 0.014898
15207433 -117.790000 33.910000 9.050000 4.130000 2.938280 0.028567
15217865 -116.740000 33.690000 18.910000 3.020000 1.432462 0.011696
15219673 -116.620000 34.020000 9.450000 2.690000 0.465233 0.006383
15223377 -117.090000 34.220000 4.410000 2.530000 0.850492 0.019964
15226145 -117.190000 33.980000 15.690000 2.400000 0.151992 0.008835
15226257 -116.310000 33.010000 10.800000 4.160000 3.419741 0.035464
15226881 -117.360000 33.940000 15.540000 2.270000 -0.369516 0.000043
15227017 -117.350000 33.710000 12.940000 3.350000 2.382197 0.028063
15238641 -116.850000 33.380000 5.270000 2.500000 -0.622005 -0.019838
15241153 -117.670000 34.170000 1.910000 2.970000 1.274104 0.010279
15241161 -115.980000 33.260000 7.420000 2.810000 0.024092 -0.007728
15243865 -116.460000 33.060000 6.220000 2.580000 -0.114050 -0.003567
15263993 -115.990000 33.880000 4.390000 3.490000 1.249763 0.005839
15264897 -116.420000 33.380000 12.100000 2.680000 0.512242 0.005804
15267105 -116.240000 33.000000 7.070000 4.020000 2.843645 0.021659
15269033 -117.390000 34.200000 10.820000 2.400000 0.280927 0.006916
15270681 -116.340000 33.240000 12.890000 2.830000 1.124194 0.017217
15272849 -117.280000 34.050000 17.720000 2.880000 1.325195 0.020404
15276649 -116.540000 33.880000 10.690000 2.750000 0.914674 0.011358
15278481 -116.110000 33.170000 9.290000 2.210000 -0.785096 -0.015200
15282033 -117.170000 34.010000 15.160000 2.110000 -1.053744 -0.015924
15282713 -116.870000 33.850000 13.870000 1.980000 -1.241126 -0.017905
15292697 -115.960000 33.590000 5.550000 2.990000 0.769790 0.008072
15293905 -117.250000 34.030000 15.890000 3.470000 2.577528 0.031561
15295505 -117.250000 34.030000 16.550000 2.740000 1.037732 0.019551
15296281 -116.460000 33.500000 10.940000 4.700000 4.137229 0.019339
15302289 -116.470000 33.510000 10.240000 3.420000 1.965602 0.024470
15304049 -116.450000 33.520000 8.090000 2.240000 -0.941245 -0.019004
15305937 -117.080000 33.920000 10.540000 2.850000 1.160023 0.015674
15330889 -116.460000 33.070000 6.450000 2.000000 -1.151059 -0.015282
15335873 -116.900000 33.440000 3.420000 2.850000 1.431985 0.022037
15338625 -116.450000 33.500000 8.270000 2.460000 -0.427649 -0.015950
15343017 -116.770000 33.980000 16.490000 3.120000 1.606208 0.022128
15343265 -116.840000 33.370000 5.290000 2.870000 0.912075 0.003124
15346905 -116.590000 34.010000 10.870000 2.390000 -0.255486 -0.002129
15347697 -116.390000 33.930000 2.650000 2.420000 -0.737505 -0.019383
15352745 -116.440000 33.040000 9.070000 2.700000 1.037043 0.016684
15394417 -116.860000 33.350000 7.820000 1.790000 -1.333441 -0.019156
15395521 -117.090000 33.430000 6.750000 3.590000 1.436685 0.014585
15396409 -116.630000 34.010000 9.320000 3.010000 1.332901 0.010512
15396745 -117.190000 34.690000 6.690000 2.870000 1.606259 0.025578
15397753 -116.480000 33.510000 8.390000 1.970000 -1.426840 -0.022340
