9140050 -117.250000 34.050000 15.050000 4.370000 3.751676 0.012020
9169867 -116.780000 34.270000 1.310000 4.070000 3.649363 0.013125
9170603 -116.700000 34.010000 11.130000 3.390000 1.925987 0.001868
9627953 -116.940000 34.290000 6.610000 4.220000 3.643154 0.013758
9630113 -116.810000 33.670000 15.550000 3.290000 1.893196 0.009344
9633201 -117.000000 34.030000 10.520000 3.180000 1.540566 0.009815
9639729 -117.570000 34.050000 7.220000 3.350000 1.996346 0.011571
9641857 -116.260000 33.240000 8.390000 3.470000 2.067152 0.010701
9642449 -117.020000 33.870000 12.300000 3.160000 0.862531 0.005087
9644101 -117.690000 33.880000 3.200000 3.640000 3.111931 0.020676
9645945 -116.780000 33.700000 15.640000 3.400000 2.175266 0.012504
9652545 -117.440000 34.230000 8.220000 3.840000 3.438721 0.010843
9655209 -116.760000 34.020000 13.190000 3.780000 3.230301 0.014069
9655873 -116.560000 34.000000 11.370000 3.090000 1.188743 0.003968
9663641 -117.230000 33.970000 13.230000 2.950000 1.218810 0.006339
9700049 -116.420000 33.370000 8.240000 3.490000 2.906116 0.012010
9700397 -116.420000 33.370000 8.480000 2.860000 1.048130 0.008236
9709553 -116.770000 34.050000 12.520000 3.080000 1.271701 0.012030
9718013 -116.510000 33.510000 13.680000 5.020000 5.606983 0.014719
9742277 -116.430000 33.380000 11.220000 4.210000 3.967533 0.003050
9758113 -116.710000 34.100000 5.880000 3.380000 2.447278 0.010080
9774569 -116.730000 33.190000 8.130000 3.840000 3.727712 0.020347
9796589 -116.650000 34.100000 8.770000 3.330000 1.963094 0.008173
9797145 -116.650000 34.100000 7.880000 2.940000 1.028404 0.004421
9809785 -117.320000 34.090000 16.860000 2.760000 0.684722 0.011389
9818433 -117.780000 33.910000 9.370000 4.780000 4.833849 0.011405
9819237 -116.700000 33.620000 12.720000 2.830000 0.755189 0.003988
9819773 -117.770000 33.920000 11.540000 2.970000 1.218398 0.003422
9826789 -116.110000 33.220000 14.440000 4.310000 4.176334 0.019654
9829373 -116.870000 34.200000 4.170000 2.600000 0.423795 0.004045
9850105 -116.020000 33.750000 8.320000 2.960000 1.203442 0.008439
9852637 -116.880000 34.300000 5.490000 3.580000 2.610277 0.015484
9853417 -116.580000 33.510000 13.260000 3.830000 2.989101 0.010543
9853737 -116.580000 33.510000 12.890000 2.230000 -0.697720 0.000043
9853845 -117.140000 34.320000 3.430000 2.860000 0.997985 0.008954
9855477 -116.940000 33.530000 5.210000 3.070000 1.447182 0.011234
9872497 -116.260000 33.890000 10.210000 3.480000 2.302446 0.010646
9872601 -116.250000 33.880000 9.460000 2.720000 0.600209 0.002360
9882533 -116.110000 33.260000 13.130000 2.560000 0.021093 0.005895
9915709 -116.020000 33.750000 7.740000 3.870000 3.138945 0.012427
9929513 -116.380000 33.260000 10.160000 2.460000 -0.016711 -0.000992
9936817 -116.930000 33.380000 12.950000 2.460000 0.100142 0.008959
9949961 -116.400000 33.410000 11.110000 3.060000 1.583044 0.010841
9950169 -116.450000 34.230000 0.650000 3.520000 2.372986 0.005065
9970349 -117.820000 33.970000 16.590000 3.530000 2.670047 0.015973
9981381 -117.510000 33.730000 6.680000 3.010000 1.459514 0.007306
9986489 -117.040000 33.820000 14.370000 3.580000 2.468452 0.008638
9990241 -117.040000 33.880000 17.800000 2.430000 -0.356625 0.002200
9992737 -116.580000 33.510000 13.380000 3.100000 1.646336 0.006696
9996937 -116.890000 34.180000 10.230000 2.910000 1.324344 0.011968
9996961 -116.970000 33.420000 9.980000 3.420000 2.363484 0.010037
9997137 -117.260000 34.050000 12.040000 3.290000 1.999119 0.006395
10000605 -116.990000 33.940000 15.760000 3.350000 2.143668 0.012075
10014793 -116.880000 34.300000 3.930000 3.060000 1.604456 0.008889
10054541 -116.510000 33.500000 13.030000 3.230000 1.793774 0.010935
10059745 -116.840000 34.350000 8.030000 4.190000 3.885482 0.010872
10062205 -117.780000 33.850000 8.890000 2.990000 1.538489 0.010089
10066389 -116.980000 34.150000 9.860000 3.710000 3.140270 0.016966
10068557 -116.410000 33.240000 3.350000 2.130000 -0.929000 -0.006798
10095809 -116.710000 33.260000 13.400000 2.510000 -0.101113 0.002442
10099601 -117.050000 33.840000 13.600000 2.850000 0.890871 0.004069
10099817 -116.630000 33.460000 6.230000 3.170000 1.660686 0.007539
10099853 -116.910000 34.360000 7.200000 2.840000 0.932054 0.007114
10146413 -116.780000 34.010000 12.770000 2.790000 0.534608 0.009733
10148369 -116.780000 34.010000 15.680000 4.100000 3.328893 0.013945
10148421 -116.780000 34.010000 17.790000 4.420000 4.339934 0.017221
10183685 -117.030000 34.040000 11.410000 3.240000 1.782902 0.012722
10186533 -116.120000 33.250000 11.260000 2.640000 0.068065 0.003239
10187953 -116.790000 33.920000 17.610000 3.870000 3.312826 0.016467
10201865 -116.330000 33.890000 4.730000 2.700000 0.558752 0.005932
10205997 -116.370000 33.950000 8.370000 3.620000 2.494500 0.011585
10206665 -116.040000 33.180000 12.810000 3.660000 2.797278 0.015292
10206813 -117.080000 33.980000 13.960000 3.120000 1.507731 0.011413
10208489 -116.120000 33.240000 11.500000 2.920000 0.982742 0.008398
10216101 -117.580000 34.210000 3.850000 3.600000 2.659505 0.015118
10216561 -116.430000 34.160000 5.510000 2.570000 0.162631 0.005692
10217009 -116.700000 34.060000 10.700000 2.450000 -0.164887 0.002335
10217277 -116.570000 33.480000 12.360000 2.790000 0.552120 0.006917
10223765 -116.050000 33.710000 12.700000 4.110000 3.830349 0.013186
10225517 -116.960000 33.900000 8.310000 2.830000 0.666329 0.004528
10225985 -117.540000 34.040000 9.170000 2.950000 1.166263 0.011512
10229069 -117.520000 34.210000 4.680000 3.350000 1.946599 0.008910
10230869 -116.150000 33.210000 11.880000 4.290000 3.832934 0.013652
10234677 -117.000000 34.050000 14.080000 2.780000 0.544262 0.006294
10236925 -116.390000 33.420000 13.470000 2.480000 0.015077 0.002372
10249569 -117.390000 34.200000 12.290000 3.920000 3.362177 0.017975
10258309 -116.740000 33.690000 17.290000 2.800000 0.490291 0.005880
10266797 -116.240000 33.300000 12.610000 2.540000 0.899452 0.024534
10272033 -116.060000 33.080000 12.320000 2.910000 1.152700 0.006673
10275733 -117.480000 33.730000 12.190000 4.730000 4.631817 0.013032
10276637 -117.480000 33.730000 4.090000 3.500000 2.287822 0.008574
10276933 -117.470000 33.740000 8.070000 2.900000 1.016760 0.006052
10279441 -117.480000 33.730000 11.070000 3.290000 2.027894 0.011619
10285401 -116.840000 33.710000 15.780000 3.120000 1.379593 0.007301
10285533 -117.630000 34.390000 6.370000 4.200000 3.894578 0.014329
10287737 -117.470000 34.140000 3.440000 2.640000 0.335837 0.002535
10295405 -116.020000 33.680000 12.160000 2.270000 -0.718471 -0.001171
10295849 -116.980000 34.160000 7.820000 4.060000 3.491299 0.018400
10310701 -116.860000 34.300000 12.130000 3.660000 2.516608 0.010650
10312297 -116.040000 33.190000 4.740000 2.530000 0.572311 0.015700
10313201 -116.620000 33.960000 10.770000 2.500000 -0.456063 -0.002676
10313753 -116.910000 33.120000 10.590000 2.660000 0.886562 0.019286
10318397 -116.440000 34.030000 2.200000 3.390000 1.788930 0.005521
10318961 -116.110000 33.790000 0.060000 3.160000 1.499050 0.008507
10321561 -116.450000 33.440000 9.250000 4.190000 3.464008 0.007813
10347049 -116.000000 33.060000 12.200000 2.580000 0.578035 0.007642
10347385 -117.670000 34.370000 5.710000 3.090000 1.616249 0.010659
10353313 -116.960000 33.990000 6.050000 2.300000 -0.396371 -0.001099
10353597 -116.240000 33.280000 4.690000 2.820000 0.815243 0.009908
10353729 -116.740000 33.930000 13.040000 3.390000 2.131869 0.014064
10355621 -116.740000 34.090000 10.860000 2.100000 -0.973938 -0.002640
10355849 -116.740000 33.620000 15.490000 2.360000 -0.621492 -0.001649
10357169 -116.790000 33.280000 10.140000 2.200000 -0.630984 0.002565
10357573 -116.040000 33.060000 10.610000 2.700000 0.466352 0.009141
10358289 -116.510000 33.500000 11.950000 2.960000 0.912102 0.005352
10365237 -117.380000 34.160000 7.200000 3.630000 2.661661 0.011777
10365305 -116.430000 34.140000 6.850000 3.080000 1.209076 0.011136
10365313 -116.700000 33.990000 16.740000 2.380000 -0.268463 0.002358
10366073 -116.880000 34.330000 7.590000 2.790000 0.869025 0.014570
10368925 -116.830000 34.050000 13.600000 2.230000 -0.710400 0.002813
10370141 -117.300000 34.110000 13.820000 4.450000 5.179512 0.017830
10370561 -116.920000 34.310000 5.770000 3.600000 2.546900 0.009951
10371157 -117.640000 33.800000 3.960000 2.370000 0.025343 0.006833
10379405 -117.470000 33.740000 8.880000 2.620000 0.456364 0.004888
10398321 -117.070000 34.180000 3.530000 2.610000 0.386756 0.008423
10399801 -117.790000 33.890000 4.590000 3.760000 3.195198 0.017093
10400233 -117.790000 33.900000 3.890000 3.020000 1.481334 0.011556
10400321 -116.500000 33.150000 4.660000 2.310000 -0.621412 -0.003572
10435457 -116.760000 34.330000 1.510000 2.620000 0.266717 0.003857
10440529 -116.220000 33.100000 11.810000 3.630000 2.619229 0.013254
10456101 -116.460000 33.470000 6.450000 2.930000 0.764384 0.008388
10478965 -116.450000 33.270000 2.130000 2.290000 -0.687439 -0.006497
10479357 -117.600000 34.030000 4.410000 2.860000 1.110338 0.010194
10481781 -116.960000 33.980000 13.570000 3.440000 2.048948 0.010297
10483781 -116.910000 34.110000 8.170000 3.240000 1.862089 0.009320
10494077 -117.060000 33.890000 16.000000 2.210000 -1.173161 -0.010476
10495901 -116.840000 33.840000 13.850000 2.910000 0.891692 0.009349
10497213 -117.060000 33.910000 12.860000 3.290000 1.933826 0.013454
10497645 -116.630000 33.410000 6.670000 3.610000 2.374139 0.007947
10530013 -117.020000 33.930000 13.140000 4.280000 4.048663 0.018768
10534181 -116.570000 33.920000 11.640000 2.610000 0.002891 0.006546
10541485 -117.000000 34.100000 10.290000 2.210000 -0.690152 0.000128
10541957 -117.180000 34.000000 8.030000 4.100000 3.618298 0.015811
10544901 -117.190000 34.010000 6.810000 3.200000 2.130609 0.019181
10544917 -117.180000 34.010000 6.430000 3.590000 3.015178 0.017270
10618997 -117.540000 34.210000 8.140000 2.880000 0.820715 0.003689
10672565 -116.350000 32.990000 8.830000 3.480000 2.230699 0.011976
10701405 -116.420000 33.380000 11.160000 4.900000 5.311901 0.021217
10701413 -116.390000 33.390000 4.200000 4.230000 4.368921 0.013486
10736069 -116.470000 33.420000 12.320000 5.430000 6.017748 0.002272
10758749 -116.270000 34.480000 7.440000 3.070000 1.399626 0.016252
10759221 -116.580000 34.220000 10.550000 2.540000 0.071955 0.005752
10761973 -116.010000 33.160000 13.300000 3.800000 3.174143 0.016737
10765357 -116.630000 34.330000 1.400000 2.390000 -0.272018 -0.001797
10771621 -116.440000 33.980000 7.180000 4.050000 3.249394 0.009381
10777277 -116.850000 33.500000 11.060000 2.550000 0.034465 0.006924
10780885 -117.500000 34.390000 12.540000 3.100000 1.618699 0.014060
10783581 -116.690000 33.880000 11.980000 3.590000 2.349169 0.010925
10785725 -116.690000 33.880000 12.610000 2.280000 -1.112847 -0.006335
10792149 -116.200000 33.330000 12.850000 2.680000 -0.016968 0.001689
10792461 -116.350000 34.220000 4.570000 2.350000 -0.464480 0.001755
10793293 -116.190000 33.330000 12.970000 2.380000 -0.804750 -0.005264
10838373 -116.850000 33.980000 9.460000 2.220000 -0.991217 -0.003272
10840549 -117.160000 33.990000 14.050000 3.160000 1.499922 0.013197
10861101 -116.420000 33.370000 5.910000 3.170000 1.370524 0.009163
10861797 -116.320000 33.190000 12.160000 2.580000 0.075373 0.006103
10866637 -116.990000 33.830000 11.880000 3.300000 1.840185 0.013854
10871621 -116.770000 33.230000 9.870000 3.110000 1.569780 0.011954
10891021 -116.450000 33.490000 3.210000 2.560000 -0.183941 0.001341
10891517 -116.830000 33.700000 15.940000 3.620000 2.465622 0.011402
10901565 -117.130000 33.810000 4.460000 2.730000 0.573258 0.010416
10902605 -116.520000 34.470000 9.180000 3.420000 1.859139 0.010895
10902981 -116.440000 34.280000 1.100000 2.860000 0.568510 0.006032
10905389 -116.840000 34.280000 4.960000 2.980000 1.071199 0.010606
10910325 -116.750000 33.230000 9.510000 2.450000 -0.562341 -0.005144
10913493 -116.770000 33.650000 13.750000 2.790000 0.218945 0.001438
10930653 -115.960000 33.190000 10.070000 2.780000 0.406123 0.008876
10931213 -116.140000 33.780000 6.980000 2.570000 0.017862 0.000997
10963781 -116.360000 33.000000 9.480000 2.610000 0.126646 0.006690
10979349 -116.930000 33.760000 13.940000 2.490000 -0.226732 0.001843
10981597 -116.420000 33.960000 7.600000 2.910000 0.675149 0.003218
10999805 -116.100000 33.160000 13.790000 2.940000 0.741850 0.004411
11006189 -117.080000 33.950000 16.280000 4.140000 3.418084 0.012940
11006789 -117.840000 33.630000 10.610000 3.470000 2.460739 0.016038
11009253 -116.760000 33.300000 10.470000 2.110000 -1.078565 -0.000856
11026941 -116.400000 33.000000 8.060000 2.190000 -0.663747 0.004316
11027605 -117.510000 34.220000 2.980000 2.760000 0.866610 0.013023
11034469 -116.270000 33.250000 8.960000 3.850000 2.976898 0.012711
11045893 -116.290000 33.330000 9.690000 2.790000 0.208913 0.003635
11046613 -116.320000 34.010000 9.630000 3.160000 1.500892 0.013336
11047221 -116.970000 34.290000 6.570000 2.310000 -0.376779 0.003970
11063837 -116.390000 33.360000 11.650000 2.580000 -0.251180 0.001068
11066957 -116.250000 33.240000 4.660000 3.010000 1.000788 0.008104
11069573 -116.530000 33.450000 10.090000 2.930000 0.578100 0.004226
11077770 -116.430000 34.040000 9.710000 2.630000 0.186197 0.006506
11078786 -116.320000 33.000000 8.070000 1.960000 -1.391280 -0.011309
11080154 -116.100000 33.230000 11.230000 3.270000 1.431010 0.009233
11083042 -116.050000 33.230000 8.710000 2.590000 -0.193428 0.000101
11085050 -117.450000 34.150000 12.810000 3.420000 2.053456 0.015988
11085378 -116.450000 33.010000 9.960000 3.310000 1.917323 0.014811
11086258 -116.880000 33.300000 13.890000 3.260000 1.906136 0.017254
11086290 -116.880000 33.300000 13.340000 2.790000 0.788031 0.014430
11087194 -116.850000 33.380000 6.710000 3.000000 1.011776 0.008796
11087274 -116.160000 33.860000 2.450000 2.320000 -0.484603 0.003745
11087914 -116.160000 33.860000 2.870000 2.660000 0.225588 0.005054
11088010 -116.590000 34.020000 10.550000 2.650000 0.078687 0.006473
11088434 -116.160000 33.860000 1.930000 3.540000 2.151854 0.015823
11089362 -116.160000 33.850000 3.160000 2.990000 0.876298 0.004278
11089882 -116.890000 33.870000 13.100000 2.260000 -1.024525 -0.005251
11090074 -116.180000 33.770000 3.090000 2.930000 0.831403 0.007770
11090202 -116.180000 33.780000 2.750000 2.660000 0.309287 0.007517
11127274 -116.370000 34.060000 6.390000 3.310000 1.731745 0.010148
11129106 -116.500000 33.500000 13.710000 2.750000 0.150095 0.003185
11129282 -117.040000 33.400000 7.800000 2.400000 -0.116323 0.006908
11131698 -116.300000 33.380000 13.330000 3.360000 1.800753 0.014707
11132314 -116.840000 34.300000 5.700000 3.510000 2.248636 0.010985
11133514 -116.130000 33.960000 6.240000 3.270000 1.642666 0.013585
11135362 -116.390000 34.090000 9.900000 3.860000 2.638463 0.003207
11204658 -116.360000 33.950000 7.390000 2.890000 0.672201 0.003520
11207138 -116.030000 33.940000 1.940000 2.770000 0.636244 0.011992
11207570 -117.410000 34.130000 3.120000 2.200000 -0.497328 0.007415
11208786 -116.230000 33.000000 5.630000 3.570000 2.487647 0.012552
11208818 -116.760000 34.250000 1.550000 2.800000 0.505031 0.006108
11209170 -117.180000 34.370000 6.160000 3.410000 2.022607 0.012194
11245850 -116.310000 33.010000 10.220000 3.360000 1.983886 0.016024
11246650 -116.620000 34.630000 5.240000 2.820000 0.660785 0.007440
11247562 -116.500000 33.860000 12.080000 2.300000 -1.016572 -0.005096
11247690 -116.060000 33.230000 9.820000 3.630000 2.448215 0.014082
11248298 -116.230000 33.290000 8.150000 2.280000 -0.587082 0.004092
11273498 -116.440000 33.500000 6.960000 3.410000 1.790990 0.008053
11277826 -116.090000 33.800000 3.720000 2.070000 -0.992638 -0.001251
11278026 -116.090000 33.810000 3.470000 2.490000 -0.000076 0.005281
11280626 -116.090000 33.800000 2.880000 2.610000 0.394115 0.008651
11280666 -116.090000 33.800000 2.900000 2.870000 0.938445 0.010909
11281370 -116.090000 33.800000 3.320000 3.490000 2.058547 0.012843
11283546 -116.080000 33.810000 1.840000 2.360000 -0.460572 0.000752
11284506 -116.460000 33.490000 7.960000 2.740000 0.178298 0.000890
11319362 -116.480000 33.500000 8.360000 2.910000 0.616914 0.006863
11321730 -117.170000 34.010000 3.910000 3.090000 1.446961 0.010958
11321826 -117.480000 34.070000 2.450000 2.640000 0.276931 0.002812
11322906 -117.480000 34.080000 3.260000 2.500000 0.164762 0.006191
11324986 -116.820000 33.850000 16.840000 2.130000 -1.349362 -0.006777
11325162 -116.730000 33.940000 13.760000 2.820000 0.488106 0.004297
11325466 -115.950000 33.740000 -0.320000 3.030000 1.182367 0.009296
11327386 -116.700000 33.620000 14.380000 3.410000 1.770798 0.007331
11328074 -116.000000 33.250000 1.840000 3.290000 1.952735 0.018346
11329010 -115.990000 33.250000 2.830000 2.050000 -0.618383 0.004016
11329762 -117.170000 34.000000 10.460000 2.890000 0.780079 0.008591
11345450 -116.740000 33.290000 3.610000 2.150000 -0.762178 0.001452
11348690 -116.770000 34.290000 0.730000 2.860000 0.695131 0.009508
11349026 -116.760000 34.290000 -0.920000 2.530000 -0.026434 0.005874
11351394 -115.970000 33.190000 2.500000 3.210000 1.827091 0.016533
11351442 -115.970000 33.180000 4.080000 2.210000 -0.567932 0.003213
11359338 -116.420000 33.290000 13.380000 3.220000 1.618352 0.011893
11361074 -116.840000 34.300000 5.510000 2.230000 -0.732058 0.002475
11364146 -117.640000 33.790000 2.830000 2.600000 0.142402 0.001498
11366218 -116.360000 33.930000 7.420000 2.680000 -0.073599 -0.000760
11366538 -117.790000 34.080000 2.620000 3.680000 2.798066 0.017125
11367266 -117.790000 34.080000 2.100000 2.600000 0.393962 0.010720
11368274 -116.600000 33.460000 12.220000 3.430000 1.910285 0.009954
11372226 -116.810000 34.160000 6.420000 2.410000 -0.556444 0.001514
11372874 -117.680000 33.800000 6.330000 3.000000 1.157867 0.007810
11373426 -117.640000 33.800000 2.450000 2.860000 1.780580 0.025999
11374042 -115.980000 33.780000 5.070000 2.520000 0.139656 0.009173
11374618 -116.740000 33.950000 17.170000 2.490000 -0.384627 0.004007
11375178 -117.640000 33.800000 3.010000 2.570000 0.043838 0.000153
11379194 -116.720000 33.680000 15.700000 2.910000 0.711515 0.007981
11383562 -116.760000 33.360000 9.230000 2.330000 -0.611469 0.003756
11386970 -116.580000 34.020000 10.240000 2.510000 -0.306408 0.002486
11387130 -116.000000 33.270000 5.880000 2.560000 0.290075 0.009269
11387578 -117.010000 34.210000 5.750000 2.970000 1.050781 0.010109
11390322 -117.230000 34.020000 16.620000 3.090000 1.374263 0.017426
11392282 -117.870000 33.780000 3.180000 2.320000 0.228232 0.005344
11397090 -116.460000 33.000000 7.560000 3.160000 1.338651 0.009380
11405642 -117.310000 34.070000 13.840000 2.320000 -0.445326 0.011451
11406906 -116.230000 33.010000 5.650000 2.910000 0.883714 0.011380
11407970 -116.480000 33.500000 7.980000 3.080000 0.973660 0.007186
13303428 -115.980000 33.160000 12.830000 3.880000 3.413726 0.017001
13656340 -116.840000 33.930000 6.450000 2.640000 0.523076 0.003826
13813696 -116.780000 33.500000 14.720000 3.730000 2.867686 0.008783
13813760 -116.780000 33.510000 14.700000 2.750000 0.377145 0.001441
13913212 -116.460000 34.380000 1.860000 3.370000 2.256205 0.017559
13914532 -116.620000 33.430000 12.200000 2.290000 -0.858047 -0.002326
13930844 -116.020000 33.750000 10.560000 3.250000 1.983015 0.013605
13936076 -116.860000 34.330000 8.090000 4.010000 2.975881 0.010403
13936432 -116.860000 34.320000 2.550000 4.100000 3.498780 0.011212
13936812 -116.850000 34.310000 1.410000 4.500000 4.265531 0.007439
13938300 -116.850000 34.320000 3.010000 2.920000 1.142905 0.009706
13938812 -116.840000 34.320000 1.100000 4.610000 4.538355 0.010690
13939456 -116.860000 34.330000 1.420000 3.630000 2.706645 0.013170
13939856 -116.840000 34.300000 2.990000 4.040000 3.508926 0.012289
13945908 -116.130000 34.360000 3.070000 4.640000 4.742547 0.017182
13952316 -116.330000 33.180000 10.970000 2.710000 0.465640 0.004998
13959680 -116.070000 33.120000 12.630000 3.340000 1.987552 0.010528
14005408 -116.040000 33.690000 12.290000 3.090000 1.421244 0.006351
14006400 -116.950000 33.380000 9.600000 2.870000 1.211068 0.012010
14025348 -116.660000 33.560000 8.430000 2.650000 0.501497 0.002404
14039128 -116.930000 34.310000 8.510000 3.490000 2.729201 0.011793
14039184 -116.930000 34.310000 7.970000 2.550000 0.291050 0.005826
14073800 -116.060000 33.710000 12.650000 4.020000 3.765453 0.013777
14078172 -116.050000 33.710000 12.580000 2.800000 0.571465 0.006017
14078948 -116.410000 33.250000 3.420000 2.500000 -0.081461 -0.001719
14079184 -117.450000 34.130000 5.780000 3.780000 3.140772 0.012990
14091288 -116.400000 34.120000 7.200000 3.630000 2.748765 0.010964
14091312 -116.460000 34.320000 2.480000 2.920000 1.280973 0.007223
14116972 -117.440000 34.120000 6.150000 4.420000 4.470713 0.016960
14118096 -116.400000 33.950000 7.110000 4.260000 3.980324 0.016247
14131672 -116.850000 33.300000 12.460000 3.450000 2.728802 0.016530
14134172 -116.710000 33.360000 8.790000 2.280000 -0.508046 0.000444
14146956 -116.200000 33.220000 14.860000 4.060000 3.650051 0.014623
14151344 -116.570000 33.530000 13.050000 5.200000 6.123991 0.006807
14155260 -117.010000 34.060000 10.560000 4.880000 5.706448 0.007664
14157720 -116.930000 34.100000 4.340000 2.810000 1.064901 0.006685
14158696 -117.030000 34.050000 11.480000 3.960000 3.239665 0.010730
14171612 -116.640000 33.140000 11.210000 2.750000 0.702437 0.012083
14176196 -117.020000 34.020000 18.290000 2.950000 1.244186 0.012457
14176860 -116.040000 33.170000 1.850000 3.090000 1.681616 0.016587
14183172 -117.440000 34.230000 7.370000 3.280000 1.956551 0.009231
14189644 -116.470000 34.330000 4.270000 2.720000 0.690116 0.008755
14197132 -116.690000 33.530000 11.710000 3.360000 1.782534 0.004027
14201764 -116.830000 34.330000 3.670000 4.170000 3.771501 0.013983
14202036 -117.270000 33.610000 13.230000 3.420000 2.435964 0.014227
14203152 -115.990000 33.260000 6.410000 2.280000 -0.254200 0.005784
14203356 -116.250000 33.250000 5.160000 2.490000 -0.152227 0.002379
14204720 -117.450000 34.240000 9.710000 3.610000 2.717366 0.014171
14204852 -116.880000 33.910000 8.800000 2.950000 1.156438 0.009686
14212760 -116.860000 34.340000 3.900000 3.240000 1.759006 0.007817
14214824 -116.180000 33.790000 9.390000 3.150000 1.256291 0.004982
14218504 -116.180000 33.790000 9.290000 3.660000 2.637152 0.012881
14234360 -117.770000 34.160000 11.310000 2.910000 0.868426 0.001256
14236768 -116.040000 33.240000 3.460000 4.370000 4.452196 0.020144
14239184 -117.110000 33.860000 10.950000 3.900000 3.334733 0.016489
14242516 -117.480000 33.730000 10.440000 3.690000 2.857132 0.014295
14244008 -116.130000 33.250000 2.940000 3.000000 1.144893 0.010656
14244212 -117.320000 34.110000 15.680000 3.310000 1.821430 0.009234
14248144 -116.270000 33.980000 4.420000 3.230000 1.697268 0.010265
14248536 -116.910000 34.290000 5.010000 3.480000 2.303232 0.012068
14254376 -116.460000 34.350000 3.340000 3.070000 1.435483 0.014201
14254660 -115.990000 33.160000 4.740000 2.550000 0.281502 0.012872
14254944 -116.600000 33.440000 9.790000 3.180000 1.275842 0.003414
14255632 -116.070000 33.260000 9.000000 4.010000 3.565128 0.015305
14257040 -116.970000 34.150000 10.180000 2.560000 0.067085 0.001749
14258600 -115.940000 33.610000 8.010000 2.740000 0.745240 0.005079
14262712 -116.120000 34.370000 5.210000 3.480000 2.297174 0.013585
14277376 -116.020000 33.220000 2.510000 3.410000 2.202317 0.013545
14277544 -116.020000 33.220000 5.530000 3.010000 1.626726 0.013039
14282492 -117.490000 33.740000 7.410000 2.340000 -0.142727 0.006594
14282848 -117.950000 34.180000 11.590000 3.490000 2.421718 0.016715
14283328 -116.050000 33.170000 9.660000 2.600000 0.587905 0.012733
14285004 -116.750000 33.690000 16.460000 2.560000 -0.225699 0.000934
14285664 -117.470000 34.130000 5.170000 3.070000 1.316387 0.008666
14285852 -116.590000 33.450000 10.010000 3.560000 2.275823 0.007949
14287800 -116.500000 33.070000 10.710000 3.560000 2.550673 0.014727
14288180 -116.390000 33.370000 8.110000 3.150000 1.597552 0.011220
14295640 -116.210000 33.870000 4.230000 4.260000 3.668839 0.012728
14312384 -116.480000 33.020000 7.580000 2.870000 1.107542 0.009456
14313896 -116.890000 33.460000 10.950000 2.470000 -0.354259 -0.000876
14325248 -116.670000 33.980000 9.680000 2.690000 0.275431 0.006313
14325560 -117.470000 33.740000 9.270000 3.940000 3.282398 0.014830
14333648 -116.470000 33.510000 3.530000 3.290000 1.628697 0.006678
14334860 -116.550000 33.170000 12.290000 3.300000 2.023253 0.012612
14345468 -116.030000 33.680000 12.280000 2.780000 0.530447 0.004557
14350372 -116.030000 33.680000 11.290000 2.920000 1.017341 0.009611
14355252 -117.460000 34.140000 3.140000 3.970000 3.521991 0.017744
14358316 -117.910000 33.630000 11.300000 3.000000 1.594529 0.013078
14358712 -116.030000 33.690000 11.040000 2.440000 -0.454625 -0.001262
14367532 -116.460000 33.450000 9.270000 4.060000 3.429560 0.011076
14369060 -116.860000 34.000000 14.490000 2.950000 0.707194 0.003166
14371544 -117.110000 33.480000 11.880000 2.330000 -0.343541 0.004626
14374924 -115.950000 33.140000 13.030000 2.850000 0.881806 0.009778
14376604 -117.250000 34.050000 14.470000 2.560000 -0.003276 0.004978
14376612 -117.250000 34.050000 14.100000 3.990000 3.318249 0.012871
14381148 -116.980000 33.990000 17.720000 2.550000 -0.115104 -0.000903
14382496 -116.910000 34.120000 4.480000 3.010000 1.042094 0.003357
14382516 -117.020000 33.390000 11.220000 2.750000 0.415195 0.004170
14383980 -117.770000 33.950000 15.500000 5.390000 6.620688 0.012717
14384052 -117.800000 33.950000 16.080000 3.800000 2.915972 0.011251
14384236 -117.740000 33.940000 15.100000 3.640000 2.504221 0.010547
14393824 -117.790000 33.960000 15.380000 3.090000 1.397440 0.008282
14395420 -116.910000 33.770000 12.300000 2.770000 0.650285 0.007857
14396336 -116.970000 34.080000 11.350000 4.140000 3.735153 0.014339
14403160 -115.930000 33.070000 1.490000 2.290000 0.257129 0.015536
14403732 -116.860000 33.500000 10.840000 4.110000 3.714040 0.016351
14403792 -116.860000 33.500000 10.410000 3.790000 3.000284 0.013017
14403968 -115.930000 33.070000 0.610000 1.970000 -0.717321 0.004770
14404108 -117.040000 34.130000 3.320000 2.840000 1.097809 0.012802
14404564 -116.910000 34.000000 16.460000 3.200000 1.701126 0.014292
14405040 -116.230000 33.080000 5.410000 3.290000 1.997444 0.017969
14421880 -116.900000 33.460000 10.040000 2.370000 -0.836881 -0.009155
14430304 -116.610000 34.000000 9.630000 2.290000 -0.453099 0.001994
14432280 -116.440000 33.250000 2.400000 3.300000 1.862588 0.009044
14432792 -117.510000 34.160000 13.430000 2.560000 0.206194 0.009725
14439000 -116.760000 33.230000 4.500000 2.860000 0.937154 0.007012
14441928 -116.870000 33.880000 12.620000 2.790000 0.329448 0.002163
14444832 -116.440000 33.250000 2.300000 3.860000 2.894906 0.008224
14466480 -115.990000 33.260000 5.320000 2.650000 0.723603 0.011584
14490968 -116.210000 33.100000 5.600000 2.160000 -0.619896 0.001114
14491232 -116.720000 33.630000 12.750000 3.530000 2.223611 0.010353
14494128 -117.380000 34.260000 6.230000 3.720000 2.903247 0.014742
14495088 -116.790000 33.530000 14.170000 2.840000 0.639660 0.007602
14497056 -117.490000 34.140000 3.320000 3.270000 2.027490 0.016262
14499272 -116.740000 33.820000 16.420000 2.880000 0.700556 0.007504
14499520 -116.210000 33.100000 11.070000 2.540000 0.121267 0.001525
14499528 -116.210000 33.100000 8.120000 3.540000 2.442512 0.013917
14500956 -117.030000 33.400000 9.780000 2.410000 -0.155573 0.007548
14522660 -116.120000 33.170000 13.610000 2.930000 0.763147 0.005252
14550892 -116.430000 33.260000 3.670000 2.610000 0.108489 0.004387
14551580 -116.890000 34.010000 9.210000 2.730000 0.347156 0.004460
14561316 -116.750000 33.670000 13.620000 2.530000 -0.061362 0.002158
14567780 -116.590000 33.490000 7.650000 1.900000 -0.733868 -0.001466
14571732 -116.880000 33.970000 8.640000 3.120000 1.304840 0.009054
14571772 -116.880000 33.970000 9.410000 3.240000 1.598923 0.009233
14571828 -116.880000 33.970000 8.780000 4.270000 3.712546 0.012715
14586244 -116.630000 33.410000 6.540000 2.900000 0.666819 0.004937
14598756 -116.690000 33.250000 3.800000 3.010000 1.181889 0.007904
14598996 -116.690000 33.250000 3.800000 3.520000 2.417211 0.009226
14599604 -116.960000 34.290000 2.070000 1.950000 -1.167818 -0.005777
14605356 -116.910000 33.830000 11.920000 2.450000 -0.354853 -0.000931
14614172 -116.410000 33.050000 13.100000 3.600000 2.314065 0.005897
14621052 -115.960000 33.150000 12.560000 3.080000 1.174419 0.011639
14694580 -116.440000 33.380000 12.420000 2.130000 -1.065434 -0.003717
14697636 -116.590000 33.430000 8.690000 2.550000 -0.018489 0.003347
14724892 -116.370000 33.260000 2.770000 2.730000 0.665902 0.009265
14773172 -116.710000 34.170000 0.530000 2.370000 -0.258955 -0.000420
14848932 -117.560000 34.020000 7.640000 2.450000 -0.225312 0.000849
14859372 -116.770000 33.370000 8.660000 2.450000 -0.309046 -0.000660
14883196 -116.470000 33.000000 4.700000 3.680000 2.511131 0.011866
14883220 -116.580000 33.970000 12.100000 2.940000 0.772492 0.010425
14883716 -116.420000 33.390000 11.470000 3.750000 2.729753 0.009796
14886732 -116.410000 34.140000 3.750000 2.850000 0.732712 0.008056
14893540 -116.330000 33.380000 11.920000 2.370000 -0.887771 -0.005456
14895084 -116.470000 33.140000 9.490000 3.910000 3.105586 0.011274
14929836 -116.860000 33.730000 15.750000 2.960000 0.803550 0.008226
14938316 -116.080000 33.070000 5.260000 2.440000 -0.206368 0.003509
14959236 -116.760000 33.220000 10.020000 3.700000 2.634410 0.013694
14959716 -116.860000 34.220000 2.260000 2.100000 -1.176549 -0.007786
14977468 -116.050000 33.230000 9.340000 2.950000 0.949235 0.013875
14978652 -117.870000 34.070000 11.810000 2.990000 1.194572 0.011389
14981172 -116.140000 33.780000 7.510000 2.130000 -0.968314 -0.003435
14981908 -116.280000 33.270000 4.700000 2.630000 0.269352 0.005564
14992276 -117.050000 34.220000 -0.270000 3.800000 2.605046 0.009287
14992380 -117.050000 34.230000 0.780000 2.700000 0.456227 0.004927
14995068 -116.750000 34.220000 1.590000 3.180000 1.425575 0.011157
14995172 -116.730000 33.640000 11.590000 3.110000 1.136622 0.007582
14995196 -116.910000 34.360000 2.440000 2.170000 -0.851364 0.000699
14996388 -116.560000 33.980000 11.810000 3.070000 1.046738 0.011076
14997468 -117.270000 34.100000 12.790000 2.930000 0.956992 0.011564
14999580 -116.310000 33.370000 12.090000 2.400000 -0.599914 -0.006744
14999972 -116.280000 33.120000 10.070000 2.340000 -0.589032 -0.001585
15001500 -116.740000 33.690000 16.740000 3.600000 2.557049 0.014745
15010724 -116.810000 33.640000 13.630000 2.390000 -0.867564 -0.007840
15017980 -116.930000 33.750000 14.340000 3.100000 1.364486 0.008438
15021644 -117.070000 34.130000 7.080000 2.430000 -0.109811 0.006892
15056420 -116.970000 34.310000 3.950000 3.100000 1.392319 0.009905
15059420 -116.450000 33.480000 13.140000 3.190000 1.451339 0.012615
15059660 -116.970000 33.790000 14.170000 2.930000 0.677811 0.002207
15060052 -116.800000 33.190000 13.320000 2.880000 0.581696 0.008183
15064108 -116.190000 33.350000 8.060000 1.890000 -1.615856 -0.006941
15064500 -116.400000 33.000000 9.090000 3.060000 1.154467 0.002672
15064556 -116.290000 34.690000 0.130000 4.010000 3.450883 0.018990
15071396 -116.330000 33.380000 12.130000 2.970000 0.677225 0.004988
15075388 -117.230000 33.970000 11.500000 3.040000 1.291750 0.012625
15075780 -116.460000 34.350000 4.230000 2.410000 -0.162802 0.007010
15076860 -116.310000 33.020000 4.940000 2.340000 -0.392103 0.001890
15079980 -117.650000 34.380000 4.650000 2.650000 0.359890 0.006588
15082628 -116.410000 33.450000 11.640000 2.280000 -1.227036 -0.008151
15085220 -117.090000 34.040000 5.590000 2.640000 0.127096 0.007012
15088052 -117.590000 34.010000 4.190000 3.530000 2.432715 0.015150
15102196 -116.950000 34.370000 -1.420000 2.660000 0.477041 0.008112
15136793 -116.380000 33.350000 13.770000 2.790000 0.193897 0.001213
15136913 -117.010000 34.330000 5.040000 2.610000 0.338213 0.010940
15137489 -116.090000 33.790000 1.380000 3.040000 1.074893 0.007118
15138681 -116.400000 33.320000 6.160000 3.490000 1.936702 0.004907
15139337 -117.720000 33.500000 13.040000 3.930000 3.337535 0.022054
15139473 -116.160000 33.850000 3.780000 2.570000 0.076880 0.004800
15139881 -116.840000 33.710000 16.750000 3.310000 1.610751 0.006754
15139913 -116.840000 33.710000 16.570000 2.540000 -0.406259 -0.002820
15140953 -116.780000 34.350000 9.530000 2.430000 -0.396875 0.000653
15142161 -116.480000 34.410000 7.620000 2.490000 0.140807 0.011755
15149521 -117.850000 33.940000 12.730000 2.750000 0.437286 0.005831
15150105 -116.830000 33.700000 16.400000 2.710000 0.248100 0.006682
15150785 -116.400000 33.320000 6.340000 3.610000 2.195691 0.007579
15151409 -116.360000 33.010000 6.990000 2.240000 -0.665851 0.001968
15152625 -116.490000 33.480000 13.920000 3.380000 1.970749 0.013019
15157321 -117.920000 34.100000 12.920000 2.670000 0.112279 0.003771
15158289 -115.990000 33.930000 2.030000 2.440000 -0.253887 0.004594
15163033 -116.430000 34.250000 0.190000 2.740000 0.522090 0.008120
15164105 -117.790000 33.910000 9.610000 3.990000 3.366293 0.014520
15165145 -116.980000 34.030000 18.910000 2.100000 -1.355408 -0.005758
15166225 -116.050000 33.080000 9.820000 3.250000 1.791988 0.009459
15180441 -117.560000 34.210000 10.990000 3.120000 1.436312 0.013886
15184049 -116.770000 33.910000 18.220000 2.630000 -0.163558 0.004705
15189073 -117.790000 33.900000 9.990000 4.460000 4.214441 0.015134
15189281 -117.790000 33.900000 10.230000 4.450000 4.251201 0.018256
15189321 -117.790000 33.900000 9.320000 3.360000 1.972434 0.013774
15189369 -117.780000 33.900000 8.920000 2.800000 0.534855 0.005494
15190689 -117.060000 33.990000 16.130000 2.440000 -0.397818 0.003710
15193337 -117.040000 33.840000 14.510000 2.700000 0.231061 0.004649
15193601 -117.370000 33.690000 8.170000 2.300000 -0.448316 0.007044
15194233 -116.930000 34.300000 5.510000 2.940000 0.948811 0.008437
15194497 -116.530000 33.520000 12.120000 1.920000 -1.891510 -0.011818
15194825 -115.980000 33.170000 8.440000 3.400000 2.068560 0.020013
15195785 -117.070000 34.250000 2.080000 3.030000 1.378859 0.011908
15197281 -116.160000 33.850000 3.580000 1.970000 -0.725251 0.001496
15198417 -116.400000 33.320000 5.180000 2.430000 -0.497174 -0.002423
15198697 -116.200000 33.870000 7.860000 3.310000 1.683467 0.011364
15207433 -117.790000 33.910000 9.050000 4.130000 3.480450 0.013027
15217865 -116.740000 33.690000 18.910000 3.020000 0.946345 0.008717
15219673 -116.620000 34.020000 9.450000 2.690000 0.168433 0.006646
15223377 -117.090000 34.220000 4.410000 2.530000 0.235615 0.012803
15225769 -116.390000 33.460000 7.400000 2.150000 -0.536164 -0.002979
15226145 -117.190000 33.980000 15.690000 2.400000 -0.561030 -0.000271
15226257 -116.310000 33.010000 10.800000 4.160000 3.567004 0.015979
15226881 -117.360000 33.940000 15.540000 2.270000 -0.991890 -0.003851
15227017 -117.350000 33.710000 12.940000 3.350000 1.836676 0.012138
15238521 -116.850000 33.380000 5.370000 2.200000 -0.877645 -0.008689
15238641 -116.850000 33.380000 5.270000 2.500000 -0.149232 -0.001333
15240073 -116.260000 34.530000 -0.910000 2.630000 0.426856 0.008078
15241153 -117.670000 34.170000 1.910000 2.970000 1.154518 0.010216
15241161 -115.980000 33.260000 7.420000 2.810000 0.687182 0.009464
15243569 -115.910000 33.060000 7.780000 2.620000 0.166380 0.006243
15243865 -116.460000 33.060000 6.220000 2.580000 0.043482 0.002888
15245897 -117.490000 34.760000 1.290000 2.700000 0.310791 -0.000156
15256201 -117.760000 34.130000 0.710000 2.590000 0.587344 0.009490
15261937 -117.220000 33.970000 14.110000 2.230000 -0.577339 0.003566
15263993 -115.990000 33.880000 4.390000 3.490000 2.188413 0.013175
15264897 -116.420000 33.380000 12.100000 2.680000 -0.092745 0.000728
15266297 -116.960000 33.950000 17.020000 2.530000 -0.505955 -0.003760
15267105 -116.240000 33.000000 7.070000 4.020000 3.244622 0.010370
15269033 -117.390000 34.200000 10.820000 2.400000 -0.330722 0.001883
15269169 -116.430000 33.020000 3.970000 2.290000 -0.521189 0.002946
15270009 -116.260000 33.180000 9.210000 2.510000 -0.314724 -0.003107
15270681 -116.340000 33.240000 12.890000 2.830000 0.561035 0.008466
15272849 -117.280000 34.050000 17.720000 2.880000 0.796270 0.012719
15276649 -116.540000 33.880000 10.690000 2.750000 0.149637 0.002208
15278209 -117.230000 34.020000 11.990000 2.240000 -0.480026 0.005251
15280865 -116.430000 34.260000 0.110000 1.880000 -1.000022 0.002338
15282033 -117.170000 34.010000 15.160000 2.110000 -1.453165 -0.011277
15282713 -116.870000 33.850000 13.870000 1.980000 -1.619638 -0.011548
15292697 -115.960000 33.590000 5.550000 2.990000 1.085642 0.016367
15293905 -117.250000 34.030000 15.890000 3.470000 2.164514 0.014886
15295505 -117.250000 34.030000 16.550000 2.740000 0.484280 0.012149
15296281 -116.460000 33.500000 10.940000 4.700000 5.106206 0.013470
15302289 -116.470000 33.510000 10.240000 3.420000 1.777795 0.009881
15304049 -116.450000 33.520000 8.090000 2.240000 -0.952298 -0.004011
15305937 -117.080000 33.920000 10.540000 2.850000 0.725889 0.010696
15330801 -117.200000 33.980000 11.930000 2.060000 -1.210321 -0.000952
15330889 -116.460000 33.070000 6.450000 2.000000 -0.836110 0.003849
15335873 -116.900000 33.440000 3.420000 2.850000 0.603496 0.004416
15338625 -116.450000 33.500000 8.270000 2.460000 -0.690108 -0.007142
15343017 -116.770000 33.980000 16.490000 3.120000 1.350241 0.012102
15343265 -116.840000 33.370000 5.290000 2.870000 0.966279 0.008031
15346905 -116.590000 34.010000 10.870000 2.390000 -0.724276 0.000183
15347697 -116.390000 33.930000 2.650000 2.420000 -0.381506 -0.000406
15352745 -116.440000 33.040000 9.070000 2.700000 0.454609 0.010769
15354953 -115.960000 33.760000 -0.230000 2.350000 -0.175335 0.005603
15395521 -117.090000 33.430000 6.750000 3.590000 2.413172 0.008894
15396409 -116.630000 34.010000 9.320000 3.010000 0.897013 0.007653
15396745 -117.190000 34.690000 6.690000 2.870000 0.875383 0.009588
15397489 -116.860000 34.200000 1.640000 2.320000 -0.407865 -0.000612
15397753 -116.480000 33.510000 8.390000 1.970000 -1.471837 -0.005859
