9169867 -116.780000 34.270000 1.310000 4.070000 3.510470 0.010376
9170603 -116.700000 34.010000 11.130000 3.390000 2.179000 0.010928
9627721 -116.950000 34.290000 7.610000 4.660000 5.668516 0.011101
9627953 -116.940000 34.290000 6.610000 4.220000 3.509793 0.008974
9630113 -116.810000 33.670000 15.550000 3.290000 1.751372 0.010707
9633201 -117.000000 34.030000 10.520000 3.180000 1.252888 0.006586
9639729 -117.570000 34.050000 7.220000 3.350000 1.668110 0.005471
9641857 -116.260000 33.240000 8.390000 3.470000 1.981322 0.012813
9642449 -117.020000 33.870000 12.300000 3.160000 0.671895 0.003504
9644101 -117.690000 33.880000 3.200000 3.640000 3.347553 0.018683
9645945 -116.780000 33.700000 15.640000 3.400000 2.064260 0.012673
9652545 -117.440000 34.230000 8.220000 3.840000 3.423183 0.014510
9655209 -116.760000 34.020000 13.190000 3.780000 3.374130 0.015065
9655873 -116.560000 34.000000 11.370000 3.090000 1.149232 0.008147
9663641 -117.230000 33.970000 13.230000 2.950000 1.084408 0.006687
9700049 -116.420000 33.370000 8.240000 3.490000 2.575950 0.003555
9709553 -116.770000 34.050000 12.520000 3.080000 0.904965 0.006288
9718013 -116.510000 33.510000 13.680000 5.020000 6.289961 0.013281
9742277 -116.430000 33.380000 11.220000 4.210000 4.099083 0.004879
9758113 -116.710000 34.100000 5.880000 3.380000 2.272062 0.007417
9774569 -116.730000 33.190000 8.130000 3.840000 3.139867 0.009913
9796589 -116.650000 34.100000 8.770000 3.330000 1.720844 0.005802
9797145 -116.650000 34.100000 7.880000 2.940000 0.906483 0.003633
9807405 -117.640000 34.170000 12.750000 2.740000 0.330049 0.001416
9809785 -117.320000 34.090000 16.860000 2.760000 0.176027 0.002168
9818433 -117.780000 33.910000 9.370000 4.780000 5.128970 0.011291
9819237 -116.700000 33.620000 12.720000 2.830000 0.352178 -0.003009
9819773 -117.770000 33.920000 11.540000 2.970000 1.220472 0.005123
9826789 -116.110000 33.220000 14.440000 4.310000 4.383342 0.015519
9829373 -116.870000 34.200000 4.170000 2.600000 0.067149 -0.000159
9850105 -116.020000 33.750000 8.320000 2.960000 1.361875 0.014547
9852637 -116.880000 34.300000 5.490000 3.580000 2.474739 0.015810
9853417 -116.580000 33.510000 13.260000 3.830000 3.037937 0.012378
9853845 -117.140000 34.320000 3.430000 2.860000 0.714419 0.006857
9855477 -116.940000 33.530000 5.210000 3.070000 1.076431 0.002923
9872497 -116.260000 33.890000 10.210000 3.480000 2.469532 0.015159
9872601 -116.250000 33.880000 9.460000 2.720000 0.982230 0.017224
9882533 -116.110000 33.260000 13.130000 2.560000 -0.254043 0.001175
9915709 -116.020000 33.750000 7.740000 3.870000 3.170952 0.012772
9929513 -116.380000 33.260000 10.160000 2.460000 -0.228908 -0.001022
9936817 -116.930000 33.380000 12.950000 2.460000 -0.425622 -0.001562
9949961 -116.400000 33.410000 11.110000 3.060000 1.366409 0.008167
9950169 -116.450000 34.230000 0.650000 3.520000 2.353704 0.004975
9970349 -117.820000 33.970000 16.590000 3.530000 2.174701 0.004863
9981381 -117.510000 33.730000 6.680000 3.010000 1.080051 0.004955
9986489 -117.040000 33.820000 14.370000 3.580000 2.433504 0.012456
9988045 -117.860000 33.880000 10.220000 2.940000 1.354642 0.006953
9992737 -116.580000 33.510000 13.380000 3.100000 1.475665 0.006370
9996937 -116.890000 34.180000 10.230000 2.910000 1.095952 0.010136
9996961 -116.970000 33.420000 9.980000 3.420000 1.961653 0.004629
9997137 -117.260000 34.050000 12.040000 3.290000 2.097011 0.007059
10000605 -116.990000 33.940000 15.760000 3.350000 1.818137 0.007645
10014793 -116.880000 34.300000 3.930000 3.060000 1.481306 0.008278
10054541 -116.510000 33.500000 13.030000 3.230000 1.598515 0.006642
10059745 -116.840000 34.350000 8.030000 4.190000 3.932715 0.011509
10062205 -117.780000 33.850000 8.890000 2.990000 1.556020 0.010033
10066389 -116.980000 34.150000 9.860000 3.710000 2.813058 0.010403
10095809 -116.710000 33.260000 13.400000 2.510000 -0.498180 -0.004619
10099601 -117.050000 33.840000 13.600000 2.850000 0.690982 0.003972
10099817 -116.630000 33.460000 6.230000 3.170000 1.465629 0.006363
10099853 -116.910000 34.360000 7.200000 2.840000 0.606944 0.002074
10146413 -116.780000 34.010000 12.770000 2.790000 0.329936 0.007312
10146673 -116.750000 33.870000 15.960000 2.610000 0.329303 0.008563
10148369 -116.780000 34.010000 15.680000 4.100000 3.846359 0.018843
10148421 -116.780000 34.010000 17.790000 4.420000 4.543622 0.015422
10183685 -117.030000 34.040000 11.410000 3.240000 1.314068 0.005869
10186533 -116.120000 33.250000 11.260000 2.640000 0.127184 0.008693
10187953 -116.790000 33.920000 17.610000 3.870000 3.211241 0.010272
10201865 -116.330000 33.890000 4.730000 2.700000 0.700912 0.011206
10205997 -116.370000 33.950000 8.370000 3.620000 2.377163 0.011226
10206665 -116.040000 33.180000 12.810000 3.660000 2.765463 0.013938
10206813 -117.080000 33.980000 13.960000 3.120000 1.342718 0.009913
10208489 -116.120000 33.240000 11.500000 2.920000 1.065414 0.014401
10216101 -117.580000 34.210000 3.850000 3.600000 2.281376 0.005615
10216561 -116.430000 34.160000 5.510000 2.570000 -0.047697 0.003365
10217009 -116.700000 34.060000 10.700000 2.450000 -0.457123 -0.000458
10217277 -116.570000 33.480000 12.360000 2.790000 0.340468 0.005542
10223765 -116.050000 33.710000 12.700000 4.110000 3.890797 0.008215
10225517 -116.960000 33.900000 8.310000 2.830000 0.369969 0.000450
10225985 -117.540000 34.040000 9.170000 2.950000 0.804846 0.005373
10229069 -117.520000 34.210000 4.680000 3.350000 1.934103 0.011963
10230869 -116.150000 33.210000 11.880000 4.290000 3.847672 0.008453
10234677 -117.000000 34.050000 14.080000 2.780000 0.242850 0.004727
10236925 -116.390000 33.420000 13.470000 2.480000 -0.323160 -0.005923
10249569 -117.390000 34.200000 12.290000 3.920000 3.036173 0.011886
10258309 -116.740000 33.690000 17.290000 2.800000 0.397746 0.007371
10266797 -116.240000 33.300000 12.610000 2.540000 0.619868 0.019885
10272033 -116.060000 33.080000 12.320000 2.910000 1.382848 0.007151
10275733 -117.480000 33.730000 12.190000 4.730000 4.959995 0.013356
10276637 -117.480000 33.730000 4.090000 3.500000 2.047930 0.009153
10276933 -117.470000 33.740000 8.070000 2.900000 0.698627 0.005889
10279441 -117.480000 33.730000 11.070000 3.290000 1.644578 0.006316
10285401 -116.840000 33.710000 15.780000 3.120000 1.162681 0.002412
10285533 -117.630000 34.390000 6.370000 4.200000 3.475216 0.003366
10295849 -116.980000 34.160000 7.820000 4.060000 3.474928 0.009290
10296105 -116.420000 34.150000 8.480000 2.360000 -0.461585 -0.002893
10310701 -116.860000 34.300000 12.130000 3.660000 2.586294 0.012523
10312297 -116.040000 33.190000 4.740000 2.530000 0.639002 0.012130
10313201 -116.620000 33.960000 10.770000 2.500000 -0.665431 -0.005443
10313753 -116.910000 33.120000 10.590000 2.660000 0.166801 0.003505
10318397 -116.440000 34.030000 2.200000 3.390000 2.234800 0.011341
10318961 -116.110000 33.790000 0.060000 3.160000 1.492095 0.009430
10321561 -116.450000 33.440000 9.250000 4.190000 3.629227 0.008550
10346365 -116.450000 34.290000 4.500000 2.330000 -0.257902 0.007237
10347049 -116.000000 33.060000 12.200000 2.580000 0.591760 0.010301
10347385 -117.670000 34.370000 5.710000 3.090000 1.164970 0.002191
10353313 -116.960000 33.990000 6.050000 2.300000 -0.508693 -0.000781
10353597 -116.240000 33.280000 4.690000 2.820000 0.770236 0.010896
10353729 -116.740000 33.930000 13.040000 3.390000 1.868585 0.011383
10355849 -116.740000 33.620000 15.490000 2.360000 -0.738068 0.003704
10357169 -116.790000 33.280000 10.140000 2.200000 -1.271551 -0.011034
10357573 -116.040000 33.060000 10.610000 2.700000 0.173575 0.002104
10358289 -116.510000 33.500000 11.950000 2.960000 0.926769 0.010387
10365237 -117.380000 34.160000 7.200000 3.630000 2.615653 0.012955
10365305 -116.430000 34.140000 6.850000 3.080000 1.089598 0.011653
10366073 -116.880000 34.330000 7.590000 2.790000 0.277854 0.003241
10368925 -116.830000 34.050000 13.600000 2.230000 -1.130041 -0.004737
10370141 -117.300000 34.110000 13.820000 4.450000 5.266540 0.011987
10370561 -116.920000 34.310000 5.770000 3.600000 2.467561 0.013525
10379405 -117.470000 33.740000 8.880000 2.620000 0.206858 0.004678
10380553 -117.760000 33.970000 11.790000 3.010000 0.888770 -0.000777
10398321 -117.070000 34.180000 3.530000 2.610000 0.189264 0.010500
10399801 -117.790000 33.890000 4.590000 3.760000 3.764464 0.021491
10399889 -117.790000 33.890000 4.090000 3.980000 4.121100 0.018893
10400233 -117.790000 33.900000 3.890000 3.020000 1.747807 0.008405
10435457 -116.760000 34.330000 1.510000 2.620000 0.143650 0.007924
10440529 -116.220000 33.100000 11.810000 3.630000 2.422709 0.010771
10440977 -116.210000 33.100000 6.240000 2.940000 1.632142 0.020057
10456101 -116.460000 33.470000 6.450000 2.930000 0.529489 0.005505
10478965 -116.450000 33.270000 2.130000 2.290000 -0.670789 -0.002099
10481781 -116.960000 33.980000 13.570000 3.440000 1.818670 0.007910
10483781 -116.910000 34.110000 8.170000 3.240000 1.537788 0.006189
10495901 -116.840000 33.840000 13.850000 2.910000 0.660790 0.007639
10497213 -117.060000 33.910000 12.860000 3.290000 1.544528 0.007783
10497645 -116.630000 33.410000 6.670000 3.610000 2.383588 0.008805
10530013 -117.020000 33.930000 13.140000 4.280000 3.762733 0.010165
10534181 -116.570000 33.920000 11.640000 2.610000 -0.292383 0.002070
10541461 -116.130000 33.760000 2.400000 1.870000 -0.828739 0.003513
10541485 -117.000000 34.100000 10.290000 2.210000 -1.083119 -0.006267
10541957 -117.180000 34.000000 8.030000 4.100000 3.757358 0.013444
10544901 -117.190000 34.010000 6.810000 3.200000 1.750218 0.008867
10544917 -117.180000 34.010000 6.430000 3.590000 2.783179 0.011000
10584645 -115.930000 33.100000 2.900000 3.000000 1.661214 0.015453
10587413 -116.350000 32.990000 7.750000 2.510000 -0.360109 -0.001229
10618997 -117.540000 34.210000 8.140000 2.880000 0.579796 0.004003
10672565 -116.350000 32.990000 8.830000 3.480000 1.989243 0.006649
10701405 -116.420000 33.380000 11.160000 4.900000 5.459577 0.015617
10701413 -116.390000 33.390000 4.200000 4.230000 4.462281 -0.000390
10736069 -116.470000 33.420000 12.320000 5.430000 7.057265 0.009639
10741029 -116.400000 33.450000 10.880000 2.640000 -0.533992 -0.004717
10758749 -116.270000 34.480000 7.440000 3.070000 1.183595 0.010509
10759221 -116.580000 34.220000 10.550000 2.540000 -0.401694 -0.003162
10761973 -116.010000 33.160000 13.300000 3.800000 3.339439 0.016817
10765357 -116.630000 34.330000 1.400000 2.390000 -0.182203 0.005014
10771621 -116.440000 33.980000 7.180000 4.050000 3.458035 0.010087
10777277 -116.850000 33.500000 11.060000 2.550000 -0.417722 -0.003032
10780885 -117.500000 34.390000 12.540000 3.100000 1.218401 0.008717
10783581 -116.690000 33.880000 11.980000 3.590000 2.078337 0.007389
10791749 -116.690000 33.620000 13.460000 2.480000 0.393355 0.041981
10792149 -116.200000 33.330000 12.850000 2.680000 -0.195197 0.001798
10792461 -116.350000 34.220000 4.570000 2.350000 -0.650149 -0.000943
10837293 -116.110000 33.230000 10.150000 2.360000 -0.650052 -0.003494
10840549 -117.160000 33.990000 14.050000 3.160000 1.097770 0.005920
10861101 -116.420000 33.370000 5.910000 3.170000 1.161803 0.008076
10861797 -116.320000 33.190000 12.160000 2.580000 -0.266395 0.003041
10866637 -116.990000 33.830000 11.880000 3.300000 1.398147 0.008051
10871621 -116.770000 33.230000 9.870000 3.110000 1.290003 0.008296
10891021 -116.450000 33.490000 3.210000 2.560000 -0.308788 0.003347
10891517 -116.830000 33.700000 15.940000 3.620000 2.344638 0.012435
10901565 -117.130000 33.810000 4.460000 2.730000 0.214630 0.003611
10902605 -116.520000 34.470000 9.180000 3.420000 1.469959 0.005833
10902981 -116.440000 34.280000 1.100000 2.860000 0.623153 0.007424
10905389 -116.840000 34.280000 4.960000 2.980000 0.658274 0.004519
10910325 -116.750000 33.230000 9.510000 2.450000 -0.756293 -0.006399
10913493 -116.770000 33.650000 13.750000 2.790000 0.000712 -0.001740
10930653 -115.960000 33.190000 10.070000 2.780000 0.373564 0.009780
10931213 -116.140000 33.780000 6.980000 2.570000 0.111546 0.004095
10963781 -116.360000 33.000000 9.480000 2.610000 -0.073152 0.004102
10979349 -116.930000 33.760000 13.940000 2.490000 -0.479222 -0.002733
10980477 -116.320000 33.990000 9.000000 2.100000 -1.248541 -0.004376
10981597 -116.420000 33.960000 7.600000 2.910000 0.698498 0.006232
10999805 -116.100000 33.160000 13.790000 2.940000 0.721750 0.008742
11006189 -117.080000 33.950000 16.280000 4.140000 3.412476 0.010848
11006789 -117.840000 33.630000 10.610000 3.470000 2.291821 0.002216
11026941 -116.400000 33.000000 8.060000 2.190000 -0.996366 0.000478
11027605 -117.510000 34.220000 2.980000 2.760000 0.582834 0.005604
11034469 -116.270000 33.250000 8.960000 3.850000 2.842063 0.010200
11045893 -116.290000 33.330000 9.690000 2.790000 0.150053 0.006780
11046613 -116.320000 34.010000 9.630000 3.160000 1.290247 0.010290
11047221 -116.970000 34.290000 6.570000 2.310000 -0.800191 -0.001510
11056573 -116.450000 34.270000 0.630000 2.430000 -0.333995 -0.000323
11063837 -116.390000 33.360000 11.650000 2.580000 -0.501620 -0.001094
11066957 -116.250000 33.240000 4.660000 3.010000 0.928880 0.007613
11069573 -116.530000 33.450000 10.090000 2.930000 0.600130 0.009833
11077770 -116.430000 34.040000 9.710000 2.630000 -0.027459 0.003591
11080154 -116.100000 33.230000 11.230000 3.270000 1.418987 0.011300
11083042 -116.050000 33.230000 8.710000 2.590000 -0.216682 0.002655
11085050 -117.450000 34.150000 12.810000 3.420000 1.624108 0.007149
11085378 -116.450000 33.010000 9.960000 3.310000 1.761206 0.012506
11086258 -116.880000 33.300000 13.890000 3.260000 1.500412 0.011988
11086290 -116.880000 33.300000 13.340000 2.790000 0.262505 0.006031
11087194 -116.850000 33.380000 6.710000 3.000000 0.865157 0.008611
11087274 -116.160000 33.860000 2.450000 2.320000 -0.569498 -0.004369
11087914 -116.160000 33.860000 2.870000 2.660000 0.525948 0.009487
11088010 -116.590000 34.020000 10.550000 2.650000 -0.030142 0.004768
11088434 -116.160000 33.860000 1.930000 3.540000 2.843879 0.018850
11089362 -116.160000 33.850000 3.160000 2.990000 1.272004 0.011369
11090074 -116.180000 33.770000 3.090000 2.930000 0.839578 0.006901
11090202 -116.180000 33.780000 2.750000 2.660000 0.340334 0.008650
11101850 -116.410000 33.320000 6.500000 2.340000 -0.560575 -0.000631
11103682 -116.390000 34.000000 1.540000 2.230000 -0.203921 0.006712
11103714 -116.400000 34.000000 3.250000 2.860000 0.776141 0.010305
11127274 -116.370000 34.060000 6.390000 3.310000 1.694854 0.010086
11129106 -116.500000 33.500000 13.710000 2.750000 -0.068492 -0.000607
11129282 -117.040000 33.400000 7.800000 2.400000 -0.420663 -0.001401
11131698 -116.300000 33.380000 13.330000 3.360000 1.542017 0.011145
11132314 -116.840000 34.300000 5.700000 3.510000 2.099165 0.010225
11133514 -116.130000 33.960000 6.240000 3.270000 1.390574 0.009478
11135362 -116.390000 34.090000 9.900000 3.860000 2.686255 0.007079
11204658 -116.360000 33.950000 7.390000 2.890000 0.608835 0.004676
11207138 -116.030000 33.940000 1.940000 2.770000 0.630435 0.011693
11208786 -116.230000 33.000000 5.630000 3.570000 2.478553 0.013905
11208818 -116.760000 34.250000 1.550000 2.800000 0.088384 -0.001855
11209170 -117.180000 34.370000 6.160000 3.410000 1.713268 0.010020
11245850 -116.310000 33.010000 10.220000 3.360000 1.834399 0.013362
11246650 -116.620000 34.630000 5.240000 2.820000 0.422351 0.005816
11247690 -116.060000 33.230000 9.820000 3.630000 2.441426 0.013937
11248298 -116.230000 33.290000 8.150000 2.280000 -0.745066 0.002305
11272858 -116.720000 34.060000 11.020000 2.240000 -0.810269 -0.002030
11273498 -116.440000 33.500000 6.960000 3.410000 2.013233 0.009528
11275498 -116.090000 33.800000 2.760000 1.850000 -1.449774 -0.004125
11278026 -116.090000 33.810000 3.470000 2.490000 0.116814 0.008245
11279850 -116.020000 33.250000 3.690000 2.180000 -0.903275 -0.006370
11280626 -116.090000 33.800000 2.880000 2.610000 0.390234 0.008585
11280666 -116.090000 33.800000 2.900000 2.870000 1.089945 0.012588
11281370 -116.090000 33.800000 3.320000 3.490000 2.298284 0.012939
11283546 -116.080000 33.810000 1.840000 2.360000 -0.395883 0.001365
11284506 -116.460000 33.490000 7.960000 2.740000 0.127995 0.001905
11319362 -116.480000 33.500000 8.360000 2.910000 0.411771 0.006408
11321730 -117.170000 34.010000 3.910000 3.090000 1.310525 0.008669
11321826 -117.480000 34.070000 2.450000 2.640000 0.225235 0.004276
11322906 -117.480000 34.080000 3.260000 2.500000 -0.066578 0.001476
11324986 -116.820000 33.850000 16.840000 2.130000 -1.519928 -0.012020
11325162 -116.730000 33.940000 13.760000 2.820000 0.354494 0.004298
11325466 -115.950000 33.740000 -0.320000 3.030000 1.760367 0.018679
11327386 -116.700000 33.620000 14.380000 3.410000 1.598035 0.006316
11328074 -116.000000 33.250000 1.840000 3.290000 1.723463 0.007524
11329010 -115.990000 33.250000 2.830000 2.050000 -0.631989 -0.000527
11329762 -117.170000 34.000000 10.460000 2.890000 0.535772 0.005755
11345450 -116.740000 33.290000 3.610000 2.150000 -1.037757 -0.003893
11348690 -116.770000 34.290000 0.730000 2.860000 0.511170 0.006763
11349026 -116.760000 34.290000 -0.920000 2.530000 -0.200783 0.004529
11351394 -115.970000 33.190000 2.500000 3.210000 2.172891 0.019364
11351442 -115.970000 33.180000 4.080000 2.210000 -0.298198 0.012916
11359338 -116.420000 33.290000 13.380000 3.220000 1.452174 0.011349
11361074 -116.840000 34.300000 5.510000 2.230000 -1.212160 -0.009515
11364146 -117.640000 33.790000 2.830000 2.600000 0.184267 0.006146
11366218 -116.360000 33.930000 7.420000 2.680000 -0.069152 0.003272
11366538 -117.790000 34.080000 2.620000 3.680000 2.659975 0.013165
11367266 -117.790000 34.080000 2.100000 2.600000 0.408976 0.011370
11368274 -116.600000 33.460000 12.220000 3.430000 1.760521 0.006808
11372226 -116.810000 34.160000 6.420000 2.410000 -0.874770 -0.005237
11372874 -117.680000 33.800000 6.330000 3.000000 1.295040 0.010193
11373426 -117.640000 33.800000 2.450000 2.860000 1.529589 0.022009
11373458 -116.290000 34.710000 0.850000 4.280000 4.035096 0.015663
11374042 -115.980000 33.780000 5.070000 2.520000 -0.070123 0.005656
11374618 -116.740000 33.950000 17.170000 2.490000 -0.635153 -0.000671
11375178 -117.640000 33.800000 3.010000 2.570000 0.429406 0.012794
11379194 -116.720000 33.680000 15.700000 2.910000 0.316137 0.000399
11383562 -116.760000 33.360000 9.230000 2.330000 -1.122002 -0.006335
11385850 -116.520000 34.490000 8.330000 2.770000 0.047714 0.002815
11386970 -116.580000 34.020000 10.240000 2.510000 -0.372032 0.002499
11387130 -116.000000 33.270000 5.880000 2.560000 0.195960 0.005067
11387578 -117.010000 34.210000 5.750000 2.970000 0.700904 0.006374
11390322 -117.230000 34.020000 16.620000 3.090000 1.196616 0.015662
11397090 -116.460000 33.000000 7.560000 3.160000 1.136006 0.008567
11405642 -117.310000 34.070000 13.840000 2.320000 -1.135485 -0.005594
11406906 -116.230000 33.010000 5.650000 2.910000 0.773883 0.010410
11407970 -116.480000 33.500000 7.980000 3.080000 1.084410 0.012191
13303428 -115.980000 33.160000 12.830000 3.880000 3.432820 0.014224
13656340 -116.840000 33.930000 6.450000 2.640000 0.436711 0.001886
13813696 -116.780000 33.500000 14.720000 3.730000 2.781879 0.009024
13813760 -116.780000 33.510000 14.700000 2.750000 0.122605 -0.000542
13913212 -116.460000 34.380000 1.860000 3.370000 2.002002 0.013111
13930844 -116.020000 33.750000 10.560000 3.250000 2.007925 0.014016
13936076 -116.860000 34.330000 8.090000 4.010000 3.561172 0.012522
13936216 -116.860000 34.320000 0.550000 3.080000 1.232042 0.002210
13936432 -116.860000 34.320000 2.550000 4.100000 3.365389 0.010835
13936812 -116.850000 34.310000 1.410000 4.500000 4.545918 0.005027
13938300 -116.850000 34.320000 3.010000 2.920000 0.852603 0.007738
13938812 -116.840000 34.320000 1.100000 4.610000 4.595578 0.007494
13939456 -116.860000 34.330000 1.420000 3.630000 2.644466 0.013515
13939856 -116.840000 34.300000 2.990000 4.040000 3.352051 0.008521
13945908 -116.130000 34.360000 3.070000 4.640000 4.929167 0.017772
13946356 -116.140000 34.360000 2.700000 2.910000 1.089070 0.011250
13952316 -116.330000 33.180000 10.970000 2.710000 -0.050130 -0.006481
13959680 -116.070000 33.120000 12.630000 3.340000 1.935987 0.012129
14005408 -116.040000 33.690000 12.290000 3.090000 1.601942 0.014040
14006400 -116.950000 33.380000 9.600000 2.870000 0.751846 0.006301
14025348 -116.660000 33.560000 8.430000 2.650000 0.254564 0.001768
14039128 -116.930000 34.310000 8.510000 3.490000 2.447840 0.009123
14039184 -116.930000 34.310000 7.970000 2.550000 0.173032 0.008594
14073800 -116.060000 33.710000 12.650000 4.020000 3.764113 0.008491
14078172 -116.050000 33.710000 12.580000 2.800000 0.570503 0.007194
14079184 -117.450000 34.130000 5.780000 3.780000 2.992930 0.011140
14091288 -116.400000 34.120000 7.200000 3.630000 2.668883 0.010561
14091312 -116.460000 34.320000 2.480000 2.920000 1.014467 0.006144
14116972 -117.440000 34.120000 6.150000 4.420000 4.471174 0.008800
14118096 -116.400000 33.950000 7.110000 4.260000 4.138659 0.011753
14131672 -116.850000 33.300000 12.460000 3.450000 2.338940 0.008084
14133048 -116.260000 33.280000 4.260000 3.700000 3.266380 0.008225
14146956 -116.200000 33.220000 14.860000 4.060000 3.442538 0.010993
14151344 -116.570000 33.530000 13.050000 5.200000 6.614797 0.009144
14155260 -117.010000 34.060000 10.560000 4.880000 5.961250 0.012030
14157720 -116.930000 34.100000 4.340000 2.810000 0.692984 0.000180
14158696 -117.030000 34.050000 11.480000 3.960000 3.140221 0.009311
14171612 -116.640000 33.140000 11.210000 2.750000 0.219128 0.005700
14176196 -117.020000 34.020000 18.290000 2.950000 0.955851 0.008123
14176860 -116.040000 33.170000 1.850000 3.090000 1.896434 0.016577
14183172 -117.440000 34.230000 7.370000 3.280000 1.550203 0.003331
14197132 -116.690000 33.530000 11.710000 3.360000 1.591999 0.002774
14201764 -116.830000 34.330000 3.670000 4.170000 3.656792 0.009942
14202036 -117.270000 33.610000 13.230000 3.420000 2.198304 0.011681
14203152 -115.990000 33.260000 6.410000 2.280000 -0.297480 0.005618
14204720 -117.450000 34.240000 9.710000 3.610000 2.585563 0.013610
14204852 -116.880000 33.910000 8.800000 2.950000 0.890859 0.006126
14205000 -116.770000 34.010000 16.670000 2.840000 0.402078 0.004516
14212760 -116.860000 34.340000 3.900000 3.240000 1.659320 0.013009
14214824 -116.180000 33.790000 9.390000 3.150000 1.461566 0.008210
14218504 -116.180000 33.790000 9.290000 3.660000 2.731028 0.013536
14236768 -116.040000 33.240000 3.460000 4.370000 4.965358 0.025335
14239184 -117.110000 33.860000 10.950000 3.900000 3.248867 0.013712
14242516 -117.480000 33.730000 10.440000 3.690000 2.675206 0.015176
14244008 -116.130000 33.250000 2.940000 3.000000 0.877679 0.006476
14244212 -117.320000 34.110000 15.680000 3.310000 1.683682 0.008714
14248144 -116.270000 33.980000 4.420000 3.230000 1.635389 0.011491
14248536 -116.910000 34.290000 5.010000 3.480000 2.104104 0.009835
14254376 -116.460000 34.350000 3.340000 3.070000 1.013934 0.004345
14254660 -115.990000 33.160000 4.740000 2.550000 0.097274 0.009437
14254944 -116.600000 33.440000 9.790000 3.180000 1.156551 0.004300
14255632 -116.070000 33.260000 9.000000 4.010000 3.711647 0.015159
14257040 -116.970000 34.150000 10.180000 2.560000 -0.328315 -0.005112
14258600 -115.940000 33.610000 8.010000 2.740000 0.997129 0.013906
14262712 -116.120000 34.370000 5.210000 3.480000 2.436112 0.014718
14277376 -116.020000 33.220000 2.510000 3.410000 2.243694 0.006316
14277544 -116.020000 33.220000 5.530000 3.010000 1.847086 0.006970
14282848 -117.950000 34.180000 11.590000 3.490000 2.047268 0.006029
14283328 -116.050000 33.170000 9.660000 2.600000 0.367971 0.004206
14285004 -116.750000 33.690000 16.460000 2.560000 -0.298781 0.002414
14285664 -117.470000 34.130000 5.170000 3.070000 1.318357 0.008941
14285852 -116.590000 33.450000 10.010000 3.560000 2.199202 0.008552
14287800 -116.500000 33.070000 10.710000 3.560000 2.132481 0.009184
14288180 -116.390000 33.370000 8.110000 3.150000 1.414075 0.007589
14295640 -116.210000 33.870000 4.230000 4.260000 3.621145 0.010108
14312384 -116.480000 33.020000 7.580000 2.870000 0.725225 0.002464
14313896 -116.890000 33.460000 10.950000 2.470000 -0.515658 -0.008716
14325248 -116.670000 33.980000 9.680000 2.690000 0.093261 0.001745
14325560 -117.470000 33.740000 9.270000 3.940000 3.164814 0.013630
14333648 -116.470000 33.510000 3.530000 3.290000 1.553503 0.006462
14334860 -116.550000 33.170000 12.290000 3.300000 1.726486 0.010895
14343104 -116.780000 33.830000 14.590000 2.300000 -0.805721 -0.004985
14345468 -116.030000 33.680000 12.280000 2.780000 0.564845 0.004309
14350372 -116.030000 33.680000 11.290000 2.920000 0.779650 0.003497
14355252 -117.460000 34.140000 3.140000 3.970000 3.202533 0.008349
14358316 -117.910000 33.630000 11.300000 3.000000 1.303807 0.005788
14367532 -116.460000 33.450000 9.270000 4.060000 3.276709 0.008700
14369060 -116.860000 34.000000 14.490000 2.950000 0.573211 0.003427
14374924 -115.950000 33.140000 13.030000 2.850000 0.914144 0.013399
14376612 -117.250000 34.050000 14.100000 3.990000 3.067596 0.009584
14381148 -116.980000 33.990000 17.720000 2.550000 -0.177103 0.002359
14382496 -116.910000 34.120000 4.480000 3.010000 0.769906 -0.000131
14382516 -117.020000 33.390000 11.220000 2.750000 -0.122724 -0.004331
14383980 -117.770000 33.950000 15.500000 5.390000 7.010875 0.004230
14384052 -117.800000 33.950000 16.080000 3.800000 2.870932 0.012236
14384236 -117.740000 33.940000 15.100000 3.640000 2.150533 0.002789
14393824 -117.790000 33.960000 15.380000 3.090000 0.991975 0.000502
14395420 -116.910000 33.770000 12.300000 2.770000 0.404995 0.006557
14396336 -116.970000 34.080000 11.350000 4.140000 3.561597 0.009969
14403160 -115.930000 33.070000 1.490000 2.290000 0.403899 0.012359
14403732 -116.860000 33.500000 10.840000 4.110000 3.610209 0.012790
14403792 -116.860000 33.500000 10.410000 3.790000 2.875344 0.012991
14403968 -115.930000 33.070000 0.610000 1.970000 -0.459953 0.010330
14404108 -117.040000 34.130000 3.320000 2.840000 0.810656 0.008227
14404564 -116.910000 34.000000 16.460000 3.200000 1.190436 0.003312
14405040 -116.230000 33.080000 5.410000 3.290000 1.944561 0.012701
14430304 -116.610000 34.000000 9.630000 2.290000 -0.563313 0.004855
14431728 -116.010000 33.760000 5.060000 2.050000 -0.264721 0.013359
14432280 -116.440000 33.250000 2.400000 3.300000 1.783330 0.009416
14439000 -116.760000 33.230000 4.500000 2.860000 0.366930 -0.002684
14441928 -116.870000 33.880000 12.620000 2.790000 0.271726 0.005310
14444832 -116.440000 33.250000 2.300000 3.860000 3.007424 0.009427
14466480 -115.990000 33.260000 5.320000 2.650000 0.645820 0.008562
14490968 -116.210000 33.100000 5.600000 2.160000 -0.783937 -0.002110
14491232 -116.720000 33.630000 12.750000 3.530000 2.143635 0.012666
14494128 -117.380000 34.260000 6.230000 3.720000 2.670914 0.007747
14495088 -116.790000 33.530000 14.170000 2.840000 0.335406 0.004492
14497056 -117.490000 34.140000 3.320000 3.270000 1.692842 0.007940
14499272 -116.740000 33.820000 16.420000 2.880000 0.445759 0.003980
14499520 -116.210000 33.100000 11.070000 2.540000 0.045795 0.004680
14499528 -116.210000 33.100000 8.120000 3.540000 2.319005 0.013336
14500296 -116.090000 33.800000 5.150000 2.280000 -0.425578 0.001610
14500956 -117.030000 33.400000 9.780000 2.410000 -0.813608 -0.011286
14501440 -116.230000 33.340000 11.460000 2.810000 0.139305 0.001262
14522660 -116.120000 33.170000 13.610000 2.930000 0.471880 0.001491
14550892 -116.430000 33.260000 3.670000 2.610000 -0.171239 0.000249
14551580 -116.890000 34.010000 9.210000 2.730000 0.130966 0.003023
14561316 -116.750000 33.670000 13.620000 2.530000 -0.084552 0.004257
14567780 -116.590000 33.490000 7.650000 1.900000 -1.025560 -0.004818
14571732 -116.880000 33.970000 8.640000 3.120000 1.043908 0.005772
14571772 -116.880000 33.970000 9.410000 3.240000 1.366440 0.005246
14571828 -116.880000 33.970000 8.780000 4.270000 3.811841 0.009438
14586244 -116.630000 33.410000 6.540000 2.900000 0.418696 0.001028
14598756 -116.690000 33.250000 3.800000 3.010000 0.882923 0.003208
14598996 -116.690000 33.250000 3.800000 3.520000 2.248638 0.008306
14605356 -116.910000 33.830000 11.920000 2.450000 -0.587963 -0.003016
14606868 -116.590000 34.580000 6.640000 2.730000 0.238086 0.001845
14613852 -115.920000 33.040000 2.090000 2.870000 1.650040 0.015867
14614172 -116.410000 33.050000 13.100000 3.600000 2.258713 0.007479
14621052 -115.960000 33.150000 12.560000 3.080000 1.169327 0.012003
14694580 -116.440000 33.380000 12.420000 2.130000 -1.298976 -0.012668
14694996 -116.830000 33.860000 15.760000 2.470000 -0.621202 -0.004434
14697636 -116.590000 33.430000 8.690000 2.550000 -0.284759 0.001477
14724892 -116.370000 33.260000 2.770000 2.730000 0.817067 0.013129
14773172 -116.710000 34.170000 0.530000 2.370000 -0.402869 -0.003392
14859372 -116.770000 33.370000 8.660000 2.450000 -0.710547 -0.008227
14883196 -116.470000 33.000000 4.700000 3.680000 2.468332 0.006964
14883220 -116.580000 33.970000 12.100000 2.940000 0.586131 0.008100
14883716 -116.420000 33.390000 11.470000 3.750000 2.527832 0.008496
14886732 -116.410000 34.140000 3.750000 2.850000 0.801794 0.012360
14893540 -116.330000 33.380000 11.920000 2.370000 -0.947250 -0.003572
14895084 -116.470000 33.140000 9.490000 3.910000 2.883331 0.006007
14929836 -116.860000 33.730000 15.750000 2.960000 0.889263 0.012731
14938316 -116.080000 33.070000 5.260000 2.440000 -0.338890 0.002093
14959236 -116.760000 33.220000 10.020000 3.700000 2.414050 0.010645
14977468 -116.050000 33.230000 9.340000 2.950000 0.838709 0.011009
14978652 -117.870000 34.070000 11.810000 2.990000 0.879535 0.007002
14981172 -116.140000 33.780000 7.510000 2.130000 -0.841404 0.000138
14981908 -116.280000 33.270000 4.700000 2.630000 0.255723 0.005256
14992276 -117.050000 34.220000 -0.270000 3.800000 3.112039 0.010152
14992380 -117.050000 34.230000 0.780000 2.700000 0.477978 0.000191
14995068 -116.750000 34.220000 1.590000 3.180000 1.018815 0.004472
14995172 -116.730000 33.640000 11.590000 3.110000 1.016807 0.005311
14996388 -116.560000 33.980000 11.810000 3.070000 0.819787 0.007376
14997468 -117.270000 34.100000 12.790000 2.930000 0.598850 0.007098
14999580 -116.310000 33.370000 12.090000 2.400000 -0.601625 -0.002086
14999972 -116.280000 33.120000 10.070000 2.340000 -0.875956 -0.005175
15001500 -116.740000 33.690000 16.740000 3.600000 2.420989 0.011492
15017980 -116.930000 33.750000 14.340000 3.100000 1.168051 0.007662
15021644 -117.070000 34.130000 7.080000 2.430000 -0.527038 -0.000309
15056420 -116.970000 34.310000 3.950000 3.100000 1.128472 0.006922
15059420 -116.450000 33.480000 13.140000 3.190000 1.161962 0.007622
15059660 -116.970000 33.790000 14.170000 2.930000 0.585006 0.004694
15060052 -116.800000 33.190000 13.320000 2.880000 -0.087361 -0.004566
15064500 -116.400000 33.000000 9.090000 3.060000 1.308685 0.008913
15064556 -116.290000 34.690000 0.130000 4.010000 3.534744 0.016353
15064604 -116.290000 34.690000 -0.040000 3.540000 2.433475 0.017747
15071396 -116.330000 33.380000 12.130000 2.970000 0.511390 0.005378
15075388 -117.230000 33.970000 11.500000 3.040000 1.162044 0.010480
15075780 -116.460000 34.350000 4.230000 2.410000 -0.516069 0.004109
15076860 -116.310000 33.020000 4.940000 2.340000 -0.532371 0.000748
15082548 -117.450000 34.050000 1.700000 2.200000 2.631954 0.071926
15085220 -117.090000 34.040000 5.590000 2.640000 0.061991 0.009272
15088052 -117.590000 34.010000 4.190000 3.530000 2.303508 0.012395
15102196 -116.950000 34.370000 -1.420000 2.660000 0.059674 0.001033
15104284 -116.170000 33.780000 6.350000 2.390000 -0.510766 -0.000678
15136793 -116.380000 33.350000 13.770000 2.790000 0.022897 0.004690
15136913 -117.010000 34.330000 5.040000 2.610000 -0.165426 0.002054
15137489 -116.090000 33.790000 1.380000 3.040000 1.361903 0.011419
15138681 -116.400000 33.320000 6.160000 3.490000 2.012015 0.006804
15139337 -117.720000 33.500000 13.040000 3.930000 3.586818 0.020582
15139473 -116.160000 33.850000 3.780000 2.570000 0.054180 0.005761
15139817 -116.500000 33.480000 12.200000 2.250000 -1.312578 -0.008323
15139881 -116.840000 33.710000 16.750000 3.310000 1.761248 0.011100
15139913 -116.840000 33.710000 16.570000 2.540000 -0.387797 0.001077
15140953 -116.780000 34.350000 9.530000 2.430000 -0.718124 -0.005470
15142161 -116.480000 34.410000 7.620000 2.490000 -0.661945 -0.001013
15149521 -117.850000 33.940000 12.730000 2.750000 0.084521 -0.002381
15150105 -116.830000 33.700000 16.400000 2.710000 -0.011615 0.003459
15150785 -116.400000 33.320000 6.340000 3.610000 2.192275 0.007840
15151409 -116.360000 33.010000 6.990000 2.240000 -0.871384 -0.004812
15152625 -116.490000 33.480000 13.920000 3.380000 1.817467 0.009900
15158289 -115.990000 33.930000 2.030000 2.440000 0.058892 0.012420
15163033 -116.430000 34.250000 0.190000 2.740000 0.429256 0.008886
15164105 -117.790000 33.910000 9.610000 3.990000 3.288167 0.008955
15166225 -116.050000 33.080000 9.820000 3.250000 1.738626 0.009572
15180153 -116.810000 33.690000 16.630000 2.360000 -1.114396 -0.011239
15180441 -117.560000 34.210000 10.990000 3.120000 0.894036 0.003512
15184049 -116.770000 33.910000 18.220000 2.630000 -0.469741 -0.000737
15189073 -117.790000 33.900000 9.990000 4.460000 3.983404 0.006074
15189281 -117.790000 33.900000 10.230000 4.450000 4.274975 0.009401
15189321 -117.790000 33.900000 9.320000 3.360000 1.518557 0.001587
15189417 -117.780000 33.900000 8.570000 2.590000 -0.225429 -0.004689
15190689 -117.060000 33.990000 16.130000 2.440000 -0.746324 -0.002901
15193337 -117.040000 33.840000 14.510000 2.700000 -0.132685 -0.001019
15193601 -117.370000 33.690000 8.170000 2.300000 -0.895961 -0.001828
15194233 -116.930000 34.300000 5.510000 2.940000 0.558127 0.001892
15194825 -115.980000 33.170000 8.440000 3.400000 2.120033 0.018076
15195785 -117.070000 34.250000 2.080000 3.030000 1.018187 0.004999
15197281 -116.160000 33.850000 3.580000 1.970000 -0.592457 0.006369
15198417 -116.400000 33.320000 5.180000 2.430000 -0.538593 -0.001062
15198697 -116.200000 33.870000 7.860000 3.310000 1.679485 0.012365
15207433 -117.790000 33.910000 9.050000 4.130000 3.483001 0.004282
15217865 -116.740000 33.690000 18.910000 3.020000 0.727256 0.007066
15219673 -116.620000 34.020000 9.450000 2.690000 0.039424 0.006643
15223377 -117.090000 34.220000 4.410000 2.530000 -0.315266 0.002225
15225769 -116.390000 33.460000 7.400000 2.150000 -0.737727 -0.004875
15226145 -117.190000 33.980000 15.690000 2.400000 -0.857667 -0.003788
15226257 -116.310000 33.010000 10.800000 4.160000 3.619532 0.013446
15227017 -117.350000 33.710000 12.940000 3.350000 1.618782 0.011044
15238521 -116.850000 33.380000 5.370000 2.200000 -1.199563 -0.011909
15238641 -116.850000 33.380000 5.270000 2.500000 -0.275208 -0.000547
15241153 -117.670000 34.170000 1.910000 2.970000 1.034083 0.009468
15241161 -115.980000 33.260000 7.420000 2.810000 0.755378 0.012013
15243569 -115.910000 33.060000 7.780000 2.620000 0.129141 0.002382
15243865 -116.460000 33.060000 6.220000 2.580000 -0.232153 0.000436
15256201 -117.760000 34.130000 0.710000 2.590000 0.159959 -0.000577
15261937 -117.220000 33.970000 14.110000 2.230000 -0.804494 -0.000069
15263993 -115.990000 33.880000 4.390000 3.490000 2.187033 0.012771
15264897 -116.420000 33.380000 12.100000 2.680000 -0.207083 0.004606
15266297 -116.960000 33.950000 17.020000 2.530000 -0.619666 -0.003069
15267105 -116.240000 33.000000 7.070000 4.020000 3.339878 0.009863
15269033 -117.390000 34.200000 10.820000 2.400000 -0.678309 -0.001832
15269169 -116.430000 33.020000 3.970000 2.290000 -1.014639 -0.011038
15270009 -116.260000 33.180000 9.210000 2.510000 -0.325786 0.002606
15270681 -116.340000 33.240000 12.890000 2.830000 0.295172 0.006996
15272849 -117.280000 34.050000 17.720000 2.880000 0.524203 0.011208
15276649 -116.540000 33.880000 10.690000 2.750000 0.082042 0.005973
15278209 -117.230000 34.020000 11.990000 2.240000 -0.627473 -0.002400
15292697 -115.960000 33.590000 5.550000 2.990000 1.063117 0.012342
15293905 -117.250000 34.030000 15.890000 3.470000 1.898308 0.011595
15295505 -117.250000 34.030000 16.550000 2.740000 0.039338 0.004889
15296281 -116.460000 33.500000 10.940000 4.700000 5.503247 0.007540
15302289 -116.470000 33.510000 10.240000 3.420000 1.748590 0.011855
15303241 -117.180000 34.010000 4.540000 2.400000 -0.718211 -0.004782
15304049 -116.450000 33.520000 8.090000 2.240000 -1.257731 -0.006182
15305937 -117.080000 33.920000 10.540000 2.850000 0.483504 0.006396
15312385 -117.430000 34.220000 12.370000 2.460000 -0.809931 -0.009351
15330889 -116.460000 33.070000 6.450000 2.000000 -1.326383 -0.006131
15335873 -116.900000 33.440000 3.420000 2.850000 0.482633 0.007468
15338625 -116.450000 33.500000 8.270000 2.460000 -0.869725 -0.009153
15343017 -116.770000 33.980000 16.490000 3.120000 1.155382 0.008058
15343265 -116.840000 33.370000 5.290000 2.870000 0.585288 0.003069
15346905 -116.590000 34.010000 10.870000 2.390000 -0.875768 0.000598
15347697 -116.390000 33.930000 2.650000 2.420000 -0.250641 0.000074
15352745 -116.440000 33.040000 9.070000 2.700000 0.084055 0.003212
15354953 -115.960000 33.760000 -0.230000 2.350000 -0.065076 0.005675
15395521 -117.090000 33.430000 6.750000 3.590000 2.699310 0.015416
15396409 -116.630000 34.010000 9.320000 3.010000 0.648600 0.004630
15396745 -117.190000 34.690000 6.690000 2.870000 0.439422 0.005061
15397489 -116.860000 34.200000 1.640000 2.320000 -0.948478 -0.004504
