9140050 -117.250000 34.050000 15.050000 4.370000 3.908423 0.026327
9169867 -116.780000 34.270000 1.310000 4.070000 3.740842 0.022566
9170603 -116.700000 34.010000 11.130000 3.390000 2.066641 0.010526
9172247 -117.230000 33.410000 12.140000 2.510000 0.602513 0.013686
9627721 -116.950000 34.290000 7.610000 4.660000 5.275273 0.029989
9627953 -116.940000 34.290000 6.610000 4.220000 3.775524 0.024964
9630113 -116.810000 33.670000 15.550000 3.290000 2.221109 0.014695
9633201 -117.000000 34.030000 10.520000 3.180000 1.845064 0.014645
9639729 -117.570000 34.050000 7.220000 3.350000 2.235973 0.019639
9641857 -116.260000 33.240000 8.390000 3.470000 2.305589 0.016447
9642449 -117.020000 33.870000 12.300000 3.160000 1.098283 0.005499
9644101 -117.690000 33.880000 3.200000 3.640000 2.675762 0.021118
9645945 -116.780000 33.700000 15.640000 3.400000 2.101646 0.014262
9652545 -117.440000 34.230000 8.220000 3.840000 3.675321 0.024246
9655209 -116.760000 34.020000 13.190000 3.780000 3.072528 0.017469
9655873 -116.560000 34.000000 11.370000 3.090000 1.449110 0.008019
9700049 -116.420000 33.370000 8.240000 3.490000 3.267391 0.020541
9700397 -116.420000 33.370000 8.480000 2.860000 1.443283 0.016883
9709553 -116.770000 34.050000 12.520000 3.080000 1.479114 0.014521
9718013 -116.510000 33.510000 13.680000 5.020000 5.385004 0.020824
9742277 -116.430000 33.380000 11.220000 4.210000 3.775392 0.010694
9758113 -116.710000 34.100000 5.880000 3.380000 2.672539 0.015615
9774569 -116.730000 33.190000 8.130000 3.840000 3.914647 0.027758
9796589 -116.650000 34.100000 8.770000 3.330000 2.184844 0.013851
9797145 -116.650000 34.100000 7.880000 2.940000 1.231833 0.005711
9809785 -117.320000 34.090000 16.860000 2.760000 1.003219 0.015218
9818433 -117.780000 33.910000 9.370000 4.780000 4.794378 0.022666
9819237 -116.700000 33.620000 12.720000 2.830000 0.975716 0.009201
9826789 -116.110000 33.220000 14.440000 4.310000 3.713845 0.017972
9829373 -116.870000 34.200000 4.170000 2.600000 0.556405 0.005020
9850105 -116.020000 33.750000 8.320000 2.960000 1.045514 0.003199
9852637 -116.880000 34.300000 5.490000 3.580000 2.783174 0.021159
9853417 -116.580000 33.510000 13.260000 3.830000 3.133331 0.020865
9853737 -116.580000 33.510000 12.890000 2.230000 -0.763402 -0.008489
9853845 -117.140000 34.320000 3.430000 2.860000 1.260459 0.013736
9855477 -116.940000 33.530000 5.210000 3.070000 1.561148 0.014575
9872497 -116.260000 33.890000 10.210000 3.480000 2.217589 0.013915
9872601 -116.250000 33.880000 9.460000 2.720000 0.639506 0.002524
9882533 -116.110000 33.260000 13.130000 2.560000 0.070267 -0.000008
9915709 -116.020000 33.750000 7.740000 3.870000 2.838743 0.011810
9929513 -116.380000 33.260000 10.160000 2.460000 0.427832 0.006449
9930549 -116.670000 34.620000 6.480000 4.150000 3.911171 0.023791
9936817 -116.930000 33.380000 12.950000 2.460000 0.216694 0.009237
9949961 -116.400000 33.410000 11.110000 3.060000 1.853176 0.015121
9950169 -116.450000 34.230000 0.650000 3.520000 2.306146 0.006908
9970349 -117.820000 33.970000 16.590000 3.530000 2.865767 0.023384
9981381 -117.510000 33.730000 6.680000 3.010000 1.733387 0.011290
9986489 -117.040000 33.820000 14.370000 3.580000 2.397260 0.010421
9990241 -117.040000 33.880000 17.800000 2.430000 -0.091658 0.004278
9992737 -116.580000 33.510000 13.380000 3.100000 2.110698 0.020324
9996937 -116.890000 34.180000 10.230000 2.910000 1.667736 0.018733
9996961 -116.970000 33.420000 9.980000 3.420000 2.782865 0.020187
9997137 -117.260000 34.050000 12.040000 3.290000 2.055257 0.011861
10000605 -116.990000 33.940000 15.760000 3.350000 2.516205 0.019876
10014793 -116.880000 34.300000 3.930000 3.060000 1.653860 0.013380
10054541 -116.510000 33.500000 13.030000 3.230000 1.939469 0.016519
10059745 -116.840000 34.350000 8.030000 4.190000 4.018420 0.019726
10062205 -117.780000 33.850000 8.890000 2.990000 1.433159 0.011729
10066389 -116.980000 34.150000 9.860000 3.710000 3.308610 0.025366
10068557 -116.410000 33.240000 3.350000 2.130000 -0.550906 -0.000513
10095809 -116.710000 33.260000 13.400000 2.510000 0.451472 0.013746
10099601 -117.050000 33.840000 13.600000 2.850000 1.460780 0.016459
10099817 -116.630000 33.460000 6.230000 3.170000 1.982071 0.017382
10099853 -116.910000 34.360000 7.200000 2.840000 1.066151 0.007965
10146413 -116.780000 34.010000 12.770000 2.790000 0.812704 0.011856
10148369 -116.780000 34.010000 15.680000 4.100000 3.329274 0.023144
10148421 -116.780000 34.010000 17.790000 4.420000 4.194252 0.028585
10183685 -117.030000 34.040000 11.410000 3.240000 2.146564 0.019599
10186533 -116.120000 33.250000 11.260000 2.640000 0.455126 0.011280
10187953 -116.790000 33.920000 17.610000 3.870000 3.068037 0.023950
10201865 -116.330000 33.890000 4.730000 2.700000 0.525797 0.003228
10205997 -116.370000 33.950000 8.370000 3.620000 2.638000 0.012269
10206665 -116.040000 33.180000 12.810000 3.660000 2.580676 0.012994
10206813 -117.080000 33.980000 13.960000 3.120000 1.566126 0.013999
10208489 -116.120000 33.240000 11.500000 2.920000 1.139709 0.011524
10216101 -117.580000 34.210000 3.850000 3.600000 2.732954 0.021390
10216561 -116.430000 34.160000 5.510000 2.570000 0.259027 0.003264
10217009 -116.700000 34.060000 10.700000 2.450000 -0.083392 -0.001359
10217277 -116.570000 33.480000 12.360000 2.790000 0.932857 0.013942
10223765 -116.050000 33.710000 12.700000 4.110000 3.410097 0.009394
10225517 -116.960000 33.900000 8.310000 2.830000 0.917103 0.008506
10225985 -117.540000 34.040000 9.170000 2.950000 1.490384 0.015744
10229069 -117.520000 34.210000 4.680000 3.350000 2.260918 0.016837
10230869 -116.150000 33.210000 11.880000 4.290000 3.774843 0.020303
10234677 -117.000000 34.050000 14.080000 2.780000 0.795398 0.007055
10249569 -117.390000 34.200000 12.290000 3.920000 3.365402 0.022614
10258309 -116.740000 33.690000 17.290000 2.800000 0.779256 0.010494
10266797 -116.240000 33.300000 12.610000 2.540000 1.195005 0.027171
10267253 -117.070000 33.480000 4.680000 2.110000 -0.609495 -0.002110
10271625 -116.770000 33.300000 12.870000 2.630000 0.438497 0.001638
10272033 -116.060000 33.080000 12.320000 2.910000 1.175836 0.013393
10275733 -117.480000 33.730000 12.190000 4.730000 4.620763 0.027618
10276637 -117.480000 33.730000 4.090000 3.500000 2.585035 0.015060
10276933 -117.470000 33.740000 8.070000 2.900000 1.344711 0.009796
10279441 -117.480000 33.730000 11.070000 3.290000 2.100675 0.010604
10285401 -116.840000 33.710000 15.780000 3.120000 1.592752 0.010272
10285533 -117.630000 34.390000 6.370000 4.200000 4.047429 0.028402
10295849 -116.980000 34.160000 7.820000 4.060000 3.808219 0.025892
10296653 -116.820000 33.140000 16.710000 2.290000 -0.074828 0.006720
10310701 -116.860000 34.300000 12.130000 3.660000 2.558092 0.017369
10312297 -116.040000 33.190000 4.740000 2.530000 0.312168 0.008971
10313201 -116.620000 33.960000 10.770000 2.500000 0.051920 0.005261
10313753 -116.910000 33.120000 10.590000 2.660000 1.372435 0.024568
10318961 -116.110000 33.790000 0.060000 3.160000 1.429998 0.006768
10321561 -116.450000 33.440000 9.250000 4.190000 3.247914 0.014804
10346233 -116.960000 34.270000 8.230000 2.440000 0.066102 0.000071
10346365 -116.450000 34.290000 4.500000 2.330000 -0.180976 0.001912
10347049 -116.000000 33.060000 12.200000 2.580000 0.708838 0.015322
10347385 -117.670000 34.370000 5.710000 3.090000 1.874819 0.014280
10353313 -116.960000 33.990000 6.050000 2.300000 0.034857 0.007044
10353597 -116.240000 33.280000 4.690000 2.820000 1.043477 0.012097
10353729 -116.740000 33.930000 13.040000 3.390000 2.454582 0.023427
10355621 -116.740000 34.090000 10.860000 2.100000 -0.751097 -0.003423
10355849 -116.740000 33.620000 15.490000 2.360000 -0.362206 0.001263
10357169 -116.790000 33.280000 10.140000 2.200000 -0.435854 0.004179
10357573 -116.040000 33.060000 10.610000 2.700000 0.382280 0.006871
10358289 -116.510000 33.500000 11.950000 2.960000 1.339731 0.013994
10365237 -117.380000 34.160000 7.200000 3.630000 2.883642 0.021859
10365305 -116.430000 34.140000 6.850000 3.080000 1.489575 0.016258
10365313 -116.700000 33.990000 16.740000 2.380000 -0.271956 -0.000371
10365745 -116.510000 33.470000 12.710000 2.200000 -0.875437 -0.007673
10366073 -116.880000 34.330000 7.590000 2.790000 0.995869 0.013176
10368925 -116.830000 34.050000 13.600000 2.230000 -0.480462 0.000755
10370141 -117.300000 34.110000 13.820000 4.450000 4.950282 0.030098
10370561 -116.920000 34.310000 5.770000 3.600000 2.776873 0.015763
10379405 -117.470000 33.740000 8.880000 2.620000 0.763362 0.011085
10397177 -116.770000 33.990000 12.750000 2.040000 -1.220299 -0.010476
10398321 -117.070000 34.180000 3.530000 2.610000 0.827955 0.014452
10399801 -117.790000 33.890000 4.590000 3.760000 2.158677 0.010258
10440529 -116.220000 33.100000 11.810000 3.630000 2.739807 0.016584
10456101 -116.460000 33.470000 6.450000 2.930000 1.227741 0.014814
10478965 -116.450000 33.270000 2.130000 2.290000 -0.467250 -0.004585
10481781 -116.960000 33.980000 13.570000 3.440000 2.248507 0.016615
10483781 -116.910000 34.110000 8.170000 3.240000 2.081792 0.014595
10495901 -116.840000 33.840000 13.850000 2.910000 1.219519 0.014738
10497213 -117.060000 33.910000 12.860000 3.290000 2.194327 0.018806
10497645 -116.630000 33.410000 6.670000 3.610000 2.297312 0.013616
10530013 -117.020000 33.930000 13.140000 4.280000 4.140623 0.027107
10534181 -116.570000 33.920000 11.640000 2.610000 0.208738 0.003836
10541485 -117.000000 34.100000 10.290000 2.210000 -0.512208 -0.000941
10541957 -117.180000 34.000000 8.030000 4.100000 3.398588 0.019705
10544901 -117.190000 34.010000 6.810000 3.200000 2.288995 0.021029
10618997 -117.540000 34.210000 8.140000 2.880000 1.188092 0.012485
10632781 -116.450000 33.160000 13.430000 2.880000 0.880153 -0.003168
10672565 -116.350000 32.990000 8.830000 3.480000 2.414579 0.021167
10701405 -116.420000 33.380000 11.160000 4.900000 5.357256 0.033804
10701413 -116.390000 33.390000 4.200000 4.230000 4.043843 0.021815
10736069 -116.470000 33.420000 12.320000 5.430000 5.559330 0.009557
10759221 -116.580000 34.220000 10.550000 2.540000 0.240071 0.002695
10761973 -116.010000 33.160000 13.300000 3.800000 2.548739 0.014819
10765357 -116.630000 34.330000 1.400000 2.390000 -0.043982 0.003131
10771373 -117.500000 33.910000 14.310000 2.230000 -0.464634 0.000828
10771621 -116.440000 33.980000 7.180000 4.050000 2.831524 0.013428
10777277 -116.850000 33.500000 11.060000 2.550000 0.470175 0.015007
10780885 -117.500000 34.390000 12.540000 3.100000 2.021657 0.023117
10783581 -116.690000 33.880000 11.980000 3.590000 2.702391 0.019879
10785725 -116.690000 33.880000 12.610000 2.280000 -0.682164 -0.001252
10792149 -116.200000 33.330000 12.850000 2.680000 0.136377 0.004421
10792461 -116.350000 34.220000 4.570000 2.350000 -0.266253 0.001548
10793293 -116.190000 33.330000 12.970000 2.380000 -0.745092 -0.007931
10796885 -116.770000 34.730000 3.040000 3.120000 1.478324 0.010446
10838373 -116.850000 33.980000 9.460000 2.220000 -0.649695 -0.001603
10840549 -117.160000 33.990000 14.050000 3.160000 1.913911 0.023609
10861101 -116.420000 33.370000 5.910000 3.170000 1.733545 0.014991
10861797 -116.320000 33.190000 12.160000 2.580000 0.358330 0.010740
10866637 -116.990000 33.830000 11.880000 3.300000 2.154093 0.018836
10871621 -116.770000 33.230000 9.870000 3.110000 1.682069 0.020154
10891021 -116.450000 33.490000 3.210000 2.560000 0.182852 0.006341
10891517 -116.830000 33.700000 15.940000 3.620000 2.762368 0.020619
10901565 -117.130000 33.810000 4.460000 2.730000 1.048072 0.019788
10902605 -116.520000 34.470000 9.180000 3.420000 2.126865 0.014287
10902981 -116.440000 34.280000 1.100000 2.860000 0.337960 0.005108
10904613 -116.790000 34.200000 -0.040000 2.470000 -0.084672 0.000631
10905389 -116.840000 34.280000 4.960000 2.980000 1.466061 0.017987
10913493 -116.770000 33.650000 13.750000 2.790000 0.439526 0.006844
10930653 -115.960000 33.190000 10.070000 2.780000 0.361548 0.002483
10931213 -116.140000 33.780000 6.980000 2.570000 -0.180870 -0.004125
10963781 -116.360000 33.000000 9.480000 2.610000 0.251806 0.005678
10979349 -116.930000 33.760000 13.940000 2.490000 -0.170491 -0.003904
10980477 -116.320000 33.990000 9.000000 2.100000 -1.255305 -0.013817
10981597 -116.420000 33.960000 7.600000 2.910000 0.713509 0.003546
10999805 -116.100000 33.160000 13.790000 2.940000 0.925749 0.007122
11006189 -117.080000 33.950000 16.280000 4.140000 3.353774 0.022583
11006789 -117.840000 33.630000 10.610000 3.470000 2.321917 0.024801
11009253 -116.760000 33.300000 10.470000 2.110000 -1.148685 -0.005069
11026941 -116.400000 33.000000 8.060000 2.190000 -0.366841 0.010709
11027605 -117.510000 34.220000 2.980000 2.760000 0.827228 0.016761
11034469 -116.270000 33.250000 8.960000 3.850000 3.002047 0.016366
11045893 -116.290000 33.330000 9.690000 2.790000 0.518914 0.005469
11046613 -116.320000 34.010000 9.630000 3.160000 1.627876 0.016307
11047221 -116.970000 34.290000 6.570000 2.310000 -0.306448 0.000297
11050541 -116.050000 33.730000 4.490000 3.470000 2.037466 0.005820
11056405 -116.050000 33.730000 7.530000 2.060000 -1.355123 -0.018058
11063837 -116.390000 33.360000 11.650000 2.580000 0.113527 0.004982
11066957 -116.250000 33.240000 4.660000 3.010000 1.058153 0.010971
11069573 -116.530000 33.450000 10.090000 2.930000 0.980511 0.011619
11077770 -116.430000 34.040000 9.710000 2.630000 0.225831 0.002340
11080154 -116.100000 33.230000 11.230000 3.270000 1.494722 0.010733
11083042 -116.050000 33.230000 8.710000 2.590000 -0.099775 0.000584
11085050 -117.450000 34.150000 12.810000 3.420000 2.279229 0.021753
11085378 -116.450000 33.010000 9.960000 3.310000 1.986377 0.023193
11086258 -116.880000 33.300000 13.890000 3.260000 2.311873 0.025064
11086290 -116.880000 33.300000 13.340000 2.790000 1.151730 0.019601
11087194 -116.850000 33.380000 6.710000 3.000000 1.201662 0.007647
11087274 -116.160000 33.860000 2.450000 2.320000 -0.538253 -0.004381
11087914 -116.160000 33.860000 2.870000 2.660000 -0.188455 -0.002848
11088010 -116.590000 34.020000 10.550000 2.650000 0.367731 0.011116
11088434 -116.160000 33.860000 1.930000 3.540000 1.677655 0.005415
11089362 -116.160000 33.850000 3.160000 2.990000 0.521806 -0.001049
11089882 -116.890000 33.870000 13.100000 2.260000 -0.651757 0.000165
11090074 -116.180000 33.770000 3.090000 2.930000 0.877303 0.006376
11090202 -116.180000 33.780000 2.750000 2.660000 0.249581 0.002821
11127274 -116.370000 34.060000 6.390000 3.310000 1.665829 0.011531
11129106 -116.500000 33.500000 13.710000 2.750000 0.401647 0.004169
11129282 -117.040000 33.400000 7.800000 2.400000 0.163157 0.010687
11131698 -116.300000 33.380000 13.330000 3.360000 2.072304 0.016936
11132314 -116.840000 34.300000 5.700000 3.510000 2.386937 0.016232
11133514 -116.130000 33.960000 6.240000 3.270000 1.740882 0.014396
11204658 -116.360000 33.950000 7.390000 2.890000 0.743415 0.004025
11207138 -116.030000 33.940000 1.940000 2.770000 0.567514 0.009056
11207570 -117.410000 34.130000 3.120000 2.200000 -0.533223 0.005502
11208786 -116.230000 33.000000 5.630000 3.570000 2.610713 0.017250
11208818 -116.760000 34.250000 1.550000 2.800000 0.674236 0.008285
11209170 -117.180000 34.370000 6.160000 3.410000 2.522868 0.022007
11245850 -116.310000 33.010000 10.220000 3.360000 1.733928 0.015900
11246650 -116.620000 34.630000 5.240000 2.820000 0.959060 0.009487
11247562 -116.500000 33.860000 12.080000 2.300000 -0.782842 -0.004370
11247690 -116.060000 33.230000 9.820000 3.630000 2.362141 0.015095
11248298 -116.230000 33.290000 8.150000 2.280000 -0.422703 0.002750
11273498 -116.440000 33.500000 6.960000 3.410000 1.769914 0.014909
11277826 -116.090000 33.800000 3.720000 2.070000 -1.147549 -0.009541
11278026 -116.090000 33.810000 3.470000 2.490000 -0.236672 -0.003186
11279850 -116.020000 33.250000 3.690000 2.180000 -1.136264 -0.015823
11280626 -116.090000 33.800000 2.880000 2.610000 0.518037 0.011807
11280666 -116.090000 33.800000 2.900000 2.870000 0.689616 0.008698
11281370 -116.090000 33.800000 3.320000 3.490000 1.634583 0.008622
11284506 -116.460000 33.490000 7.960000 2.740000 0.223361 -0.000742
11319362 -116.480000 33.500000 8.360000 2.910000 0.913314 0.008707
11319538 -116.690000 33.680000 17.360000 2.010000 -0.830486 -0.000861
11321730 -117.170000 34.010000 3.910000 3.090000 1.650941 0.016171
11321826 -117.480000 34.070000 2.450000 2.640000 0.432899 0.005108
11322906 -117.480000 34.080000 3.260000 2.500000 -0.037571 0.001175
11324986 -116.820000 33.850000 16.840000 2.130000 -1.179073 -0.009409
11325162 -116.730000 33.940000 13.760000 2.820000 0.467956 0.001317
11325466 -115.950000 33.740000 -0.320000 3.030000 0.436183 -0.004520
11327386 -116.700000 33.620000 14.380000 3.410000 1.946657 0.010556
11328074 -116.000000 33.250000 1.840000 3.290000 1.830453 0.013837
11329762 -117.170000 34.000000 10.460000 2.890000 1.207164 0.016143
11340082 -117.130000 33.960000 16.510000 2.140000 -0.650614 -0.000127
11340514 -116.740000 34.050000 9.980000 1.960000 -1.545933 -0.013496
11345450 -116.740000 33.290000 3.610000 2.150000 -0.564553 0.002322
11348690 -116.770000 34.290000 0.730000 2.860000 1.061185 0.013519
11349026 -116.760000 34.290000 -0.920000 2.530000 0.373374 0.011628
11350850 -117.480000 34.220000 12.160000 2.210000 -0.537742 0.003477
11351394 -115.970000 33.190000 2.500000 3.210000 1.647072 0.019845
11351442 -115.970000 33.180000 4.080000 2.210000 -0.634801 -0.000576
11359338 -116.420000 33.290000 13.380000 3.220000 1.883814 0.015090
11361074 -116.840000 34.300000 5.510000 2.230000 -0.374792 0.004988
11364146 -117.640000 33.790000 2.830000 2.600000 0.294597 0.003801
11366218 -116.360000 33.930000 7.420000 2.680000 0.223082 0.000280
11366538 -117.790000 34.080000 2.620000 3.680000 2.947157 0.024723
11367266 -117.790000 34.080000 2.100000 2.600000 0.408739 0.009594
11368274 -116.600000 33.460000 12.220000 3.430000 1.834512 0.011241
11372226 -116.810000 34.160000 6.420000 2.410000 -0.257766 0.002009
11372874 -117.680000 33.800000 6.330000 3.000000 1.423057 0.020299
11373426 -117.640000 33.800000 2.450000 2.860000 2.142089 0.035890
11374042 -115.980000 33.780000 5.070000 2.520000 0.109077 0.002886
11374618 -116.740000 33.950000 17.170000 2.490000 -0.169316 0.004383
11375178 -117.640000 33.800000 3.010000 2.570000 0.228855 0.005057
11376074 -116.440000 33.980000 6.910000 2.290000 -0.725803 -0.006400
11379194 -116.720000 33.680000 15.700000 2.910000 0.887979 0.009059
11383562 -116.760000 33.360000 9.230000 2.330000 -0.222109 0.007320
11386970 -116.580000 34.020000 10.240000 2.510000 -0.243032 -0.003256
11387130 -116.000000 33.270000 5.880000 2.560000 -0.000490 0.000604
11387578 -117.010000 34.210000 5.750000 2.970000 1.519701 0.019157
11390322 -117.230000 34.020000 16.620000 3.090000 1.517398 0.020733
11397090 -116.460000 33.000000 7.560000 3.160000 1.894596 0.020968
11405642 -117.310000 34.070000 13.840000 2.320000 -0.201193 0.008359
11406906 -116.230000 33.010000 5.650000 2.910000 1.031131 0.014334
11407970 -116.480000 33.500000 7.980000 3.080000 1.121606 0.013513
13303428 -115.980000 33.160000 12.830000 3.880000 3.135524 0.022729
13656340 -116.840000 33.930000 6.450000 2.640000 0.752078 0.014611
13813696 -116.780000 33.500000 14.720000 3.730000 2.836119 0.016068
13813760 -116.780000 33.510000 14.700000 2.750000 0.843777 0.009987
13913212 -116.460000 34.380000 1.860000 3.370000 2.191303 0.013932
13914532 -116.620000 33.430000 12.200000 2.290000 -0.325640 0.004771
13930844 -116.020000 33.750000 10.560000 3.250000 1.634500 0.006729
13936432 -116.860000 34.320000 2.550000 4.100000 3.648390 0.022165
13936812 -116.850000 34.310000 1.410000 4.500000 4.081469 0.020612
13938300 -116.850000 34.320000 3.010000 2.920000 1.586476 0.016979
13938812 -116.840000 34.320000 1.100000 4.610000 4.043525 0.015969
13939456 -116.860000 34.330000 1.420000 3.630000 2.988753 0.025075
13939856 -116.840000 34.300000 2.990000 4.040000 3.367344 0.017425
13945908 -116.130000 34.360000 3.070000 4.640000 4.283539 0.018829
13952316 -116.330000 33.180000 10.970000 2.710000 0.849754 0.010441
13959680 -116.070000 33.120000 12.630000 3.340000 2.044966 0.009303
14005408 -116.040000 33.690000 12.290000 3.090000 1.373893 0.007220
14006400 -116.950000 33.380000 9.600000 2.870000 1.632966 0.019906
14025348 -116.660000 33.560000 8.430000 2.650000 1.029964 0.013997
14039128 -116.930000 34.310000 8.510000 3.490000 3.044424 0.021017
14039184 -116.930000 34.310000 7.970000 2.550000 0.400166 0.005183
14073800 -116.060000 33.710000 12.650000 4.020000 3.290750 0.011243
14077572 -116.630000 33.580000 13.360000 2.160000 -0.223603 0.011486
14078172 -116.050000 33.710000 12.580000 2.800000 0.644328 0.006737
14078948 -116.410000 33.250000 3.420000 2.500000 0.209577 0.001203
14079184 -117.450000 34.130000 5.780000 3.780000 3.264614 0.024703
14091288 -116.400000 34.120000 7.200000 3.630000 2.960147 0.016517
14091312 -116.460000 34.320000 2.480000 2.920000 1.572163 0.012268
14116972 -117.440000 34.120000 6.150000 4.420000 4.274169 0.027921
14118096 -116.400000 33.950000 7.110000 4.260000 3.915555 0.022524
14131672 -116.850000 33.300000 12.460000 3.450000 2.973607 0.025351
14134172 -116.710000 33.360000 8.790000 2.280000 -0.104147 0.004093
14146956 -116.200000 33.220000 14.860000 4.060000 3.549856 0.018164
14151344 -116.570000 33.530000 13.050000 5.200000 5.761703 0.017003
14157460 -116.540000 33.510000 11.960000 2.140000 -1.011753 -0.009536
14157720 -116.930000 34.100000 4.340000 2.810000 1.529759 0.017624
14158696 -117.030000 34.050000 11.480000 3.960000 3.313702 0.021648
14171612 -116.640000 33.140000 11.210000 2.750000 1.130135 0.018818
14176196 -117.020000 34.020000 18.290000 2.950000 1.058484 0.008837
14176860 -116.040000 33.170000 1.850000 3.090000 1.312133 0.016114
14183172 -117.440000 34.230000 7.370000 3.280000 2.477795 0.019831
14197080 -116.150000 33.280000 13.190000 2.140000 -1.059131 -0.012187
14197132 -116.690000 33.530000 11.710000 3.360000 2.145789 0.014246
14201764 -116.830000 34.330000 3.670000 4.170000 3.453980 0.018602
14202036 -117.270000 33.610000 13.230000 3.420000 2.548481 0.020107
14203152 -115.990000 33.260000 6.410000 2.280000 -0.356039 0.000055
14203356 -116.250000 33.250000 5.160000 2.490000 0.333947 0.010390
14204720 -117.450000 34.240000 9.710000 3.610000 3.057850 0.025587
14204852 -116.880000 33.910000 8.800000 2.950000 1.271861 0.008533
14205000 -116.770000 34.010000 16.670000 2.840000 0.926544 0.011258
14212760 -116.860000 34.340000 3.900000 3.240000 2.156019 0.015569
14214824 -116.180000 33.790000 9.390000 3.150000 1.187193 0.003419
14218504 -116.180000 33.790000 9.290000 3.660000 2.326945 0.010121
14236768 -116.040000 33.240000 3.460000 4.370000 3.428730 0.009750
14239184 -117.110000 33.860000 10.950000 3.900000 3.166175 0.019113
14242516 -117.480000 33.730000 10.440000 3.690000 2.982416 0.022218
14244008 -116.130000 33.250000 2.940000 3.000000 1.249974 0.012172
14244212 -117.320000 34.110000 15.680000 3.310000 1.924350 0.017601
14248144 -116.270000 33.980000 4.420000 3.230000 1.591294 0.005654
14248536 -116.910000 34.290000 5.010000 3.480000 2.449535 0.016182
14254376 -116.460000 34.350000 3.340000 3.070000 1.500135 0.013407
14254660 -115.990000 33.160000 4.740000 2.550000 0.251523 0.004998
14254944 -116.600000 33.440000 9.790000 3.180000 1.617234 0.010061
14255632 -116.070000 33.260000 9.000000 4.010000 3.173530 0.014132
14258600 -115.940000 33.610000 8.010000 2.740000 0.492385 -0.000669
14277376 -116.020000 33.220000 2.510000 3.410000 1.921124 0.013106
14277544 -116.020000 33.220000 5.530000 3.010000 0.899467 0.006128
14282492 -117.490000 33.740000 7.410000 2.340000 0.045734 0.004671
14282848 -117.950000 34.180000 11.590000 3.490000 2.272805 0.022298
14283328 -116.050000 33.170000 9.660000 2.600000 0.395223 0.004383
14285004 -116.750000 33.690000 16.460000 2.560000 0.045024 0.003348
14285664 -117.470000 34.130000 5.170000 3.070000 1.330865 0.011336
14285852 -116.590000 33.450000 10.010000 3.560000 2.437990 0.014544
14287800 -116.500000 33.070000 10.710000 3.560000 2.775967 0.020953
14288180 -116.390000 33.370000 8.110000 3.150000 1.609302 0.014394
14295640 -116.210000 33.870000 4.230000 4.260000 3.524852 0.010674
14312384 -116.480000 33.020000 7.580000 2.870000 1.394589 0.015920
14313896 -116.890000 33.460000 10.950000 2.470000 -0.056502 0.003498
14325248 -116.670000 33.980000 9.680000 2.690000 0.435717 0.005745
14325560 -117.470000 33.740000 9.270000 3.940000 3.382258 0.021307
14333648 -116.470000 33.510000 3.530000 3.290000 1.546658 0.008783
14334860 -116.550000 33.170000 12.290000 3.300000 2.411227 0.023792
14345468 -116.030000 33.680000 12.280000 2.780000 0.527561 0.005965
14350372 -116.030000 33.680000 11.290000 2.920000 1.087390 0.006006
14355252 -117.460000 34.140000 3.140000 3.970000 3.652290 0.029387
14358712 -116.030000 33.690000 11.040000 2.440000 -0.274425 -0.001028
14367532 -116.460000 33.450000 9.270000 4.060000 3.412140 0.012110
14369060 -116.860000 34.000000 14.490000 2.950000 1.033131 0.008026
14371544 -117.110000 33.480000 11.880000 2.330000 0.025657 0.009203
14374924 -115.950000 33.140000 13.030000 2.850000 0.847175 0.009682
14376604 -117.250000 34.050000 14.470000 2.560000 0.264867 0.007405
14376612 -117.250000 34.050000 14.100000 3.990000 3.482645 0.024948
14381148 -116.980000 33.990000 17.720000 2.550000 0.201924 0.003261
14382496 -116.910000 34.120000 4.480000 3.010000 1.338155 0.007330
14382516 -117.020000 33.390000 11.220000 2.750000 0.942680 0.014632
14383980 -117.770000 33.950000 15.500000 5.390000 6.234086 0.029457
14384052 -117.800000 33.950000 16.080000 3.800000 2.710718 0.015246
14393824 -117.790000 33.960000 15.380000 3.090000 1.611911 0.014254
14395420 -116.910000 33.770000 12.300000 2.770000 1.050868 0.014356
14396336 -116.970000 34.080000 11.350000 4.140000 4.004595 0.028524
14403160 -115.930000 33.070000 1.490000 2.290000 -0.275182 -0.001480
14403732 -116.860000 33.500000 10.840000 4.110000 3.991520 0.026990
14403792 -116.860000 33.500000 10.410000 3.790000 3.196973 0.022953
14404108 -117.040000 34.130000 3.320000 2.840000 0.952989 0.005913
14404564 -116.910000 34.000000 16.460000 3.200000 1.853356 0.017748
14405040 -116.230000 33.080000 5.410000 3.290000 1.985290 0.017447
14432280 -116.440000 33.250000 2.400000 3.300000 1.988818 0.017131
14439000 -116.760000 33.230000 4.500000 2.860000 1.388537 0.014836
14441928 -116.870000 33.880000 12.620000 2.790000 0.645667 0.005443
14444832 -116.440000 33.250000 2.300000 3.860000 2.807254 0.014508
14466480 -115.990000 33.260000 5.320000 2.650000 0.699672 0.011810
14490968 -116.210000 33.100000 5.600000 2.160000 -0.740207 -0.004204
14491232 -116.720000 33.630000 12.750000 3.530000 2.284060 0.011206
14494128 -117.380000 34.260000 6.230000 3.720000 3.198214 0.028366
14495088 -116.790000 33.530000 14.170000 2.840000 0.943150 0.012654
14497056 -117.490000 34.140000 3.320000 3.270000 2.226589 0.022634
14499272 -116.740000 33.820000 16.420000 2.880000 1.028158 0.012967
14499528 -116.210000 33.100000 8.120000 3.540000 2.425287 0.015340
14500956 -117.030000 33.400000 9.780000 2.410000 0.520936 0.020417
14522660 -116.120000 33.170000 13.610000 2.930000 0.868227 0.006432
14550892 -116.430000 33.260000 3.670000 2.610000 0.287208 0.004383
14551580 -116.890000 34.010000 9.210000 2.730000 0.683328 0.009130
14561316 -116.750000 33.670000 13.620000 2.530000 -0.205486 -0.002996
14567780 -116.590000 33.490000 7.650000 1.900000 -0.489773 -0.003841
14571732 -116.880000 33.970000 8.640000 3.120000 1.557407 0.014775
14571772 -116.880000 33.970000 9.410000 3.240000 1.579601 0.008070
14571828 -116.880000 33.970000 8.780000 4.270000 3.430612 0.018870
14586244 -116.630000 33.410000 6.540000 2.900000 0.915524 0.009850
14597084 -116.510000 33.150000 8.130000 2.000000 -1.132104 -0.004818
14598756 -116.690000 33.250000 3.800000 3.010000 1.216549 0.007906
14598996 -116.690000 33.250000 3.800000 3.520000 2.330107 0.012474
14599604 -116.960000 34.290000 2.070000 1.950000 -1.033714 -0.008840
14605356 -116.910000 33.830000 11.920000 2.450000 -0.225864 -0.004241
14614172 -116.410000 33.050000 13.100000 3.600000 2.585576 0.012751
14621052 -115.960000 33.150000 12.560000 3.080000 0.946144 0.005381
14694580 -116.440000 33.380000 12.420000 2.130000 -0.779645 -0.003849
14694996 -116.830000 33.860000 15.760000 2.470000 -0.707882 -0.017294
14697636 -116.590000 33.430000 8.690000 2.550000 0.295387 0.006664
14724892 -116.370000 33.260000 2.770000 2.730000 0.505604 0.005558
14773172 -116.710000 34.170000 0.530000 2.370000 -0.214553 -0.001664
14859372 -116.770000 33.370000 8.660000 2.450000 0.130371 0.006933
14883196 -116.470000 33.000000 4.700000 3.680000 2.711278 0.022885
14883220 -116.580000 33.970000 12.100000 2.940000 1.141196 0.014736
14883716 -116.420000 33.390000 11.470000 3.750000 2.979804 0.015631
14886732 -116.410000 34.140000 3.750000 2.850000 1.086837 0.015206
14893540 -116.330000 33.380000 11.920000 2.370000 -0.535849 -0.003431
14895084 -116.470000 33.140000 9.490000 3.910000 3.085255 0.017803
14895140 -116.470000 33.140000 10.190000 2.530000 -0.022923 -0.001530
14929836 -116.860000 33.730000 15.750000 2.960000 1.113686 0.010943
14938316 -116.080000 33.070000 5.260000 2.440000 -0.268880 -0.001284
14959236 -116.760000 33.220000 10.020000 3.700000 2.755482 0.019769
14959716 -116.860000 34.220000 2.260000 2.100000 -0.828839 -0.003791
14977468 -116.050000 33.230000 9.340000 2.950000 0.742146 0.009805
14978652 -117.870000 34.070000 11.810000 2.990000 1.334079 0.014264
14981172 -116.140000 33.780000 7.510000 2.130000 -0.943852 -0.008585
14981908 -116.280000 33.270000 4.700000 2.630000 0.479802 0.009110
14983836 -116.750000 33.220000 10.300000 1.960000 -1.509743 -0.012950
14986596 -116.550000 33.170000 14.850000 2.260000 -0.792061 -0.007162
14992276 -117.050000 34.220000 -0.270000 3.800000 2.289848 0.016614
14995068 -116.750000 34.220000 1.590000 3.180000 1.792692 0.018086
14995172 -116.730000 33.640000 11.590000 3.110000 1.040758 0.009446
14996388 -116.560000 33.980000 11.810000 3.070000 1.203626 0.010812
14997468 -117.270000 34.100000 12.790000 2.930000 1.333477 0.018895
14999580 -116.310000 33.370000 12.090000 2.400000 -0.756929 -0.010377
14999972 -116.280000 33.120000 10.070000 2.340000 -0.233318 0.005507
15001500 -116.740000 33.690000 16.740000 3.600000 2.370120 0.017067
15010724 -116.810000 33.640000 13.630000 2.390000 -0.630681 -0.005995
15017980 -116.930000 33.750000 14.340000 3.100000 1.618944 0.013108
15021644 -117.070000 34.130000 7.080000 2.430000 0.048712 0.004645
15056180 -117.140000 33.800000 5.280000 2.000000 -0.976330 -0.005800
15056420 -116.970000 34.310000 3.950000 3.100000 1.222341 0.010341
15059420 -116.450000 33.480000 13.140000 3.190000 1.556306 0.013681
15059660 -116.970000 33.790000 14.170000 2.930000 1.059937 0.005639
15060052 -116.800000 33.190000 13.320000 2.880000 0.888852 0.011927
15064108 -116.190000 33.350000 8.060000 1.890000 -1.477491 -0.009646
15064500 -116.400000 33.000000 9.090000 3.060000 1.334277 0.011495
15064556 -116.290000 34.690000 0.130000 4.010000 3.024269 0.014741
15071396 -116.330000 33.380000 12.130000 2.970000 1.004817 0.008566
15075388 -117.230000 33.970000 11.500000 3.040000 1.558491 0.019571
15075780 -116.460000 34.350000 4.230000 2.410000 0.103058 0.010314
15076860 -116.310000 33.020000 4.940000 2.340000 -0.435362 0.002076
15082628 -116.410000 33.450000 11.640000 2.280000 -0.851866 -0.005714
15085220 -117.090000 34.040000 5.590000 2.640000 0.472743 0.011348
15088052 -117.590000 34.010000 4.190000 3.530000 2.386217 0.020157
15102196 -116.950000 34.370000 -1.420000 2.660000 0.609056 0.007110
15136793 -116.380000 33.350000 13.770000 2.790000 0.561496 0.006765
15136913 -117.010000 34.330000 5.040000 2.610000 0.621697 0.015205
15137489 -116.090000 33.790000 1.380000 3.040000 0.970310 0.006737
15138681 -116.400000 33.320000 6.160000 3.490000 1.786358 0.011488
15139137 -117.460000 34.090000 3.420000 1.980000 -1.239187 -0.011787
15139337 -117.720000 33.500000 13.040000 3.930000 3.380185 0.027897
15139473 -116.160000 33.850000 3.780000 2.570000 -0.153300 -0.005650
15139881 -116.840000 33.710000 16.750000 3.310000 1.585839 0.006278
15139913 -116.840000 33.710000 16.570000 2.540000 -0.126414 -0.000570
15140953 -116.780000 34.350000 9.530000 2.430000 -0.083273 0.002632
15142161 -116.480000 34.410000 7.620000 2.490000 0.012647 0.004827
15149521 -117.850000 33.940000 12.730000 2.750000 0.590101 0.008350
15150105 -116.830000 33.700000 16.400000 2.710000 0.424252 0.006024
15150785 -116.400000 33.320000 6.340000 3.610000 2.390804 0.014255
15151409 -116.360000 33.010000 6.990000 2.240000 -0.501675 0.007091
15152625 -116.490000 33.480000 13.920000 3.380000 2.045498 0.016734
15158289 -115.990000 33.930000 2.030000 2.440000 -0.378825 -0.001477
15158369 -116.750000 33.700000 16.570000 2.250000 -1.197662 -0.018667
15163033 -116.430000 34.250000 0.190000 2.740000 0.654800 0.011050
15164105 -117.790000 33.910000 9.610000 3.990000 3.389735 0.023937
15166225 -116.050000 33.080000 9.820000 3.250000 1.444860 0.004438
15180441 -117.560000 34.210000 10.990000 3.120000 1.921439 0.024280
15184049 -116.770000 33.910000 18.220000 2.630000 -0.007833 0.001745
15189073 -117.790000 33.900000 9.990000 4.460000 4.243616 0.028906
15189281 -117.790000 33.900000 10.230000 4.450000 3.951607 0.025080
15189321 -117.790000 33.900000 9.320000 3.360000 2.197978 0.020568
15190689 -117.060000 33.990000 16.130000 2.440000 -0.127868 0.006711
15193185 -116.660000 33.530000 13.140000 2.240000 -1.283712 -0.016162
15193337 -117.040000 33.840000 14.510000 2.700000 0.546955 0.008456
15193601 -117.370000 33.690000 8.170000 2.300000 -0.159837 0.009253
15194233 -116.930000 34.300000 5.510000 2.940000 1.096278 0.011339
15194497 -116.530000 33.520000 12.120000 1.920000 -1.731748 -0.012081
15194825 -115.980000 33.170000 8.440000 3.400000 1.500585 0.012633
15195785 -117.070000 34.250000 2.080000 3.030000 1.658683 0.018565
15197281 -116.160000 33.850000 3.580000 1.970000 -0.968781 -0.007758
15198417 -116.400000 33.320000 5.180000 2.430000 -0.316139 0.002166
15198697 -116.200000 33.870000 7.860000 3.310000 1.617842 0.011610
15207433 -117.790000 33.910000 9.050000 4.130000 3.287176 0.019140
15217865 -116.740000 33.690000 18.910000 3.020000 1.172315 0.009102
15219673 -116.620000 34.020000 9.450000 2.690000 0.418219 0.007342
15223377 -117.090000 34.220000 4.410000 2.530000 0.648856 0.017835
15225769 -116.390000 33.460000 7.400000 2.150000 -0.400842 -0.007300
15226145 -117.190000 33.980000 15.690000 2.400000 -0.095366 0.007346
15226257 -116.310000 33.010000 10.800000 4.160000 3.351042 0.022345
15226881 -117.360000 33.940000 15.540000 2.270000 -0.514839 0.003388
15227017 -117.350000 33.710000 12.940000 3.350000 2.106712 0.019279
15228001 -116.930000 33.340000 20.970000 2.010000 -1.108865 -0.005639
15238521 -116.850000 33.380000 5.370000 2.200000 -0.684446 -0.008732
15238641 -116.850000 33.380000 5.270000 2.500000 -0.312218 -0.004253
15241153 -117.670000 34.170000 1.910000 2.970000 1.465333 0.014618
15241161 -115.980000 33.260000 7.420000 2.810000 0.459193 0.002792
15243865 -116.460000 33.060000 6.220000 2.580000 0.231216 0.005087
15256201 -117.760000 34.130000 0.710000 2.590000 0.938973 0.018912
15261937 -117.220000 33.970000 14.110000 2.230000 -0.283247 0.003142
15263993 -115.990000 33.880000 4.390000 3.490000 1.819874 0.009026
15264897 -116.420000 33.380000 12.100000 2.680000 0.426350 0.009915
15266297 -116.960000 33.950000 17.020000 2.530000 -0.180866 0.001307
15267105 -116.240000 33.000000 7.070000 4.020000 3.189976 0.014889
15269033 -117.390000 34.200000 10.820000 2.400000 0.022885 0.004624
15269169 -116.430000 33.020000 3.970000 2.290000 -0.325831 0.005555
15269905 -116.180000 33.330000 9.020000 2.000000 -1.606740 -0.013365
15270009 -116.260000 33.180000 9.210000 2.510000 -0.064587 -0.003331
15270681 -116.340000 33.240000 12.890000 2.830000 0.977485 0.014566
15272849 -117.280000 34.050000 17.720000 2.880000 1.126319 0.016977
15274825 -117.130000 34.010000 13.550000 2.570000 0.285514 0.009861
15276649 -116.540000 33.880000 10.690000 2.750000 0.555077 0.006515
15278209 -117.230000 34.020000 11.990000 2.240000 -0.640970 -0.000144
15278481 -116.110000 33.170000 9.290000 2.210000 -0.776628 -0.001543
15280865 -116.430000 34.260000 0.110000 1.880000 -1.227954 -0.011599
15282033 -117.170000 34.010000 15.160000 2.110000 -1.169020 -0.010114
15292697 -115.960000 33.590000 5.550000 2.990000 0.890951 0.011429
15293905 -117.250000 34.030000 15.890000 3.470000 2.491796 0.022787
15295505 -117.250000 34.030000 16.550000 2.740000 0.879224 0.018709
15296281 -116.460000 33.500000 10.940000 4.700000 4.477997 0.014030
15302289 -116.470000 33.510000 10.240000 3.420000 2.000897 0.016146
15302457 -116.470000 33.490000 10.730000 1.960000 -1.620554 -0.015841
15303241 -117.180000 34.010000 4.540000 2.400000 -0.405613 -0.004738
15304049 -116.450000 33.520000 8.090000 2.240000 -0.820052 -0.006392
15305937 -117.080000 33.920000 10.540000 2.850000 1.129024 0.016790
15330801 -117.200000 33.980000 11.930000 2.060000 -1.211664 -0.008732
15330889 -116.460000 33.070000 6.450000 2.000000 -0.747425 0.002781
15335873 -116.900000 33.440000 3.420000 2.850000 1.121096 0.013913
15338625 -116.450000 33.500000 8.270000 2.460000 -0.374328 -0.005829
15343017 -116.770000 33.980000 16.490000 3.120000 1.568863 0.018793
15343265 -116.840000 33.370000 5.290000 2.870000 1.215458 0.010801
15346905 -116.590000 34.010000 10.870000 2.390000 -0.470425 0.000647
15347697 -116.390000 33.930000 2.650000 2.420000 -0.286049 -0.001528
15352745 -116.440000 33.040000 9.070000 2.700000 0.869927 0.017285
15354953 -115.960000 33.760000 -0.230000 2.350000 -0.538106 -0.001869
15394417 -116.860000 33.350000 7.820000 1.790000 -1.195018 -0.000874
15395521 -117.090000 33.430000 6.750000 3.590000 2.029642 0.010481
15396409 -116.630000 34.010000 9.320000 3.010000 1.351443 0.013947
15396745 -117.190000 34.690000 6.690000 2.870000 1.287402 0.017365
15397489 -116.860000 34.200000 1.640000 2.320000 0.006753 0.006127
15397753 -116.480000 33.510000 8.390000 1.970000 -1.241309 -0.006299
15399521 -116.800000 34.580000 3.140000 2.470000 0.479198 0.013645
