ADO -117.430000 34.550000 0.013050 6.008166
AGA -116.400000 33.640000 0.067986 6.756615
BAR -116.670000 32.680000 0.085733 9.419463
BBR -116.920000 34.260000 0.053543 6.614149
BBS -116.980000 33.920000 0.036578 6.650984
BC3 -115.450000 33.660000 0.045338 5.359839
BEL -116.000000 34.000000 0.076508 6.767413
BFS -117.660000 34.240000 0.069254 6.807197
BLA -116.390000 34.070000 0.075038 6.939441
BLA2 -116.390000 34.070000 0.077597 7.027663
BOR -116.420000 33.270000 0.067469 6.980043
BZN -116.670000 33.490000 0.063384 6.954022
CAP -117.190000 33.390000 0.066997 7.664060
CHF -118.030000 34.330000 0.087954 6.792728
CJM -117.420000 34.270000 0.038628 6.016685
CPE -117.110000 32.890000 0.068483 7.318268
CRY -116.740000 33.570000 0.079917 7.179963
CTC -115.990000 33.660000 0.042796 6.347890
DEV -116.580000 33.940000 0.028029 6.103320
DGR -117.010000 33.650000 0.093442 7.340677
DJJ -118.460000 34.110000 0.055069 5.657080
DNR -116.630000 33.570000 0.068048 7.407964
DPP -116.940000 33.000000 0.087949 8.104026
EDW -117.990000 34.880000 0.085170 6.941966
EDW2 -117.990000 34.880000 0.085054 6.927175
EML -116.850000 32.890000 0.094311 7.798222
ERR -115.820000 33.120000 0.044236 6.585845
FHO -116.940000 34.090000 0.061066 6.940492
FRD -116.600000 33.490000 0.079947 6.280741
GOR -117.230000 33.150000 0.059064 7.254882
HEC -116.330000 34.830000 0.065092 6.452481
HWB -116.960000 33.030000 0.089102 7.584071
IDO -116.220000 33.800000 0.045561 5.990594
IKP -116.110000 32.650000 0.068677 6.383493
IPT -117.280000 34.200000 0.039015 5.776623
IRM -115.150000 34.160000 0.072144 7.076830
JCS -116.600000 33.090000 0.079437 7.065452
JEM -116.600000 33.080000 0.086324 8.160945
JVA -116.610000 34.370000 0.066908 7.193604
KNW -116.710000 33.710000 0.086550 7.712958
LMR2 -117.700000 34.930000 0.080441 6.668671
LPC -117.550000 34.310000 0.073771 7.235783
LUG -117.370000 34.370000 0.041019 5.533922
LVA2 -116.560000 33.350000 0.082088 6.769664
MCT -116.040000 34.230000 0.072209 6.826932
MGD -116.760000 33.190000 0.070769 6.793903
MGE -116.370000 33.820000 0.029289 6.220766
MONP -116.420000 32.890000 0.080639 6.661539
MONP2 -116.400000 32.890000 0.082262 6.617758
MSC -116.650000 34.040000 0.072873 7.230811
MSJ -116.970000 33.810000 0.037633 6.862795
MUR -117.200000 33.600000 0.044368 6.590912
MWC -118.060000 34.220000 0.058423 6.943562
OLI -117.920000 33.950000 0.032225 5.885343
OLP -116.930000 32.610000 0.054830 7.098973
PDU -117.640000 34.120000 0.038027 6.012983
PER -117.210000 33.860000 0.042587 6.480839
PFO -116.460000 33.610000 0.078828 7.052051
PLM -116.860000 33.350000 0.080800 6.843944
PLS -117.610000 33.800000 0.043143 5.134589
PMD -116.380000 33.650000 0.084372 7.354623
PSD -116.550000 33.820000 0.031087 6.039007
PSR -117.810000 34.090000 0.056018 6.402058
RDM -116.850000 33.630000 0.070958 7.230591
RRX -117.000000 34.880000 0.045655 5.979010
RVR -117.380000 33.990000 0.036042 6.678821
SAL -115.990000 33.280000 0.047159 6.308156
SBB2 -117.820000 34.690000 0.087110 6.858261
SBPX -117.230000 34.230000 0.030863 6.031025
SDD -117.660000 33.550000 0.022174 5.586347
SDR -116.940000 32.740000 0.073669 7.618816
SLB -115.870000 33.490000 0.026193 5.205500
SLR -116.800000 33.830000 0.057759 7.063394
SMER -117.170000 33.460000 0.067019 6.864960
SND -116.610000 33.550000 0.070817 6.683917
SNO -116.810000 34.040000 0.071279 6.059955
SRN -117.790000 33.830000 0.022831 5.721150
STG -117.770000 33.660000 0.036275 5.454563
SVD -117.100000 34.110000 0.029548 6.580206
SWS -115.800000 32.950000 0.057402 6.200046
TA2 -117.680000 34.380000 0.062360 6.418982
THX -116.160000 33.630000 0.048050 5.665642
TOR -116.230000 33.580000 0.066178 6.329904
TRO -116.430000 33.520000 0.058981 6.623720
VCS -118.120000 34.480000 0.038288 6.533216
WMC -116.670000 33.570000 0.053412 6.791236
WWC -116.410000 33.940000 0.073127 6.465663
YAQ -116.350000 33.170000 0.082625 7.541252
