ADO -117.430000 34.550000 0.038252 7.012550
AGA -116.400000 33.640000 0.038077 5.913787
BAR -116.670000 32.680000 0.055527 8.512612
BBR -116.920000 34.260000 0.033730 6.810634
BBS -116.980000 33.920000 0.039154 6.739187
BC3 -115.450000 33.660000 0.038258 5.925214
BCC -117.260000 33.580000 0.033185 6.190911
BEL -116.000000 34.000000 0.045099 6.426598
BFS -117.660000 34.240000 0.042856 6.139086
BLA -116.390000 34.070000 0.039613 6.188788
BLA2 -116.390000 34.070000 0.041014 6.191830
BOM -115.730000 33.360000 0.057108 8.149443
BOR -116.420000 33.270000 0.043042 5.928556
BZN -116.670000 33.490000 0.042663 6.679285
CAP -117.190000 33.390000 0.038158 5.885792
CBX -116.660000 32.310000 0.053597 6.097715
CHF -118.030000 34.330000 0.048534 5.945399
CHN -117.680000 34.000000 0.032489 5.772281
CIA -118.420000 33.400000 0.052356 6.419244
CJM -117.420000 34.270000 0.038961 6.395206
COO -115.950000 32.750000 0.050543 6.116867
COON -115.950000 32.750000 0.050543 6.116867
CPE -117.110000 32.890000 0.046077 6.610594
CRY -116.740000 33.570000 0.038969 5.967525
CTC -115.990000 33.660000 0.045758 7.445105
DEC -118.330000 34.250000 0.039873 6.857638
DEV -116.580000 33.940000 0.036976 6.696936
DGR -117.010000 33.650000 0.040202 6.238306
DJJ -118.460000 34.110000 0.047738 6.436052
DNR -116.630000 33.570000 0.038362 6.921873
DPP -116.940000 33.000000 0.053799 6.665657
DVT -116.100000 32.660000 0.029516 6.128033
EDW -117.990000 34.880000 0.043289 5.737205
EDW2 -117.990000 34.880000 0.043455 5.753619
EML -116.850000 32.890000 0.053298 6.683573
ERR -115.820000 33.120000 0.051437 8.687771
FHO -116.940000 34.090000 0.041943 6.937096
FMP -118.290000 33.710000 0.057056 7.386752
FRD -116.600000 33.490000 0.038579 5.624676
GOR -117.230000 33.150000 0.044209 6.197024
HEC -116.330000 34.830000 0.038720 6.333698
HWB -116.960000 33.030000 0.051687 6.101713
IDO -116.220000 33.800000 0.043537 6.978058
IKP -116.110000 32.650000 0.035037 5.781656
IPT -117.280000 34.200000 0.036554 6.973199
IRM -115.150000 34.160000 0.035331 6.216042
JCS -116.600000 33.090000 0.046280 6.293595
JEM -116.600000 33.080000 0.045019 6.371326
JVA -116.610000 34.370000 0.042762 7.201229
KNW -116.710000 33.710000 0.039595 5.947599
LMR2 -117.700000 34.930000 0.036725 5.941101
LPC -117.550000 34.310000 0.041490 6.729535
LUC2 -116.960000 34.460000 0.034972 7.251135
LUG -117.370000 34.370000 0.032966 6.179240
LVA2 -116.560000 33.350000 0.043547 6.257487
MCT -116.040000 34.230000 0.041653 5.827116
MGE -116.370000 33.820000 0.050276 8.068106
MLS -117.560000 34.000000 0.032584 6.301162
MONP -116.420000 32.890000 0.045935 6.108659
MONP2 -116.400000 32.890000 0.046181 6.080396
MSC -116.650000 34.040000 0.037916 6.635732
MSJ -116.970000 33.810000 0.049796 7.974016
MUR -117.200000 33.600000 0.042171 6.607954
MWC -118.060000 34.220000 0.045813 6.420304
OLI -117.920000 33.950000 0.039466 7.047241
OLP -116.930000 32.610000 0.048462 6.428384
PDU -117.640000 34.120000 0.031944 6.424878
PER -117.210000 33.860000 0.035830 5.785985
PFO -116.460000 33.610000 0.037979 5.881860
PLM -116.860000 33.350000 0.044023 6.281220
PLS -117.610000 33.800000 0.037577 5.725146
PMD -116.380000 33.650000 0.039310 5.946028
PS -116.550000 33.820000 0.029836 5.608717
PSD -116.550000 33.820000 0.030358 5.619126
PSR -117.810000 34.090000 0.036379 6.591270
RDM -116.850000 33.630000 0.039193 6.034352
RRX -117.000000 34.880000 0.030818 6.299790
RSS -117.330000 33.970000 0.039348 6.564043
RVR -117.380000 33.990000 0.028998 5.610632
SAL -115.990000 33.280000 0.051612 7.368038
SBB2 -117.820000 34.690000 0.044151 5.960872
SBPX -117.230000 34.230000 0.036670 5.878820
SDD -117.660000 33.550000 0.034961 6.996322
SDR -116.940000 32.740000 0.051471 6.441111
SLB -115.870000 33.490000 0.051741 6.539569
SLR -116.800000 33.830000 0.040035 6.227476
SMER -117.170000 33.460000 0.036108 5.826821
SND -116.610000 33.550000 0.037669 6.371424
SNO -116.810000 34.040000 0.038603 6.001392
SPF -118.650000 34.060000 0.058099 6.875689
SRN -117.790000 33.830000 0.033075 6.472819
STG -117.770000 33.660000 0.034336 6.410225
SVD -117.100000 34.110000 0.037810 6.119249
SWS -115.800000 32.950000 0.057232 7.080772
TA2 -117.680000 34.380000 0.042838 5.947072
THX -116.160000 33.630000 0.065859 7.736029
TOR -116.230000 33.580000 0.054475 6.644955
TRO -116.430000 33.520000 0.041388 6.457685
VCS -118.120000 34.480000 0.045720 6.783425
WES -115.730000 32.760000 0.041698 8.062655
WMC -116.670000 33.570000 0.042221 6.905942
WWC -116.410000 33.940000 0.041134 6.342208
YAQ -116.350000 33.170000 0.039753 6.710064
