ADO -117.430000 34.550000 0.043566 7.178647
AGA -116.400000 33.640000 0.054899 6.425445
BAR -116.670000 32.680000 0.078751 9.738646
BBR -116.920000 34.260000 0.050528 6.957592
BBS -116.980000 33.920000 0.042279 6.712829
BC3 -115.450000 33.660000 0.053945 6.058104
BCC -117.260000 33.580000 0.046791 6.527109
BEL -116.000000 34.000000 0.061997 6.883867
BFS -117.660000 34.240000 0.064347 6.687984
BLA -116.390000 34.070000 0.059388 6.737563
BLA2 -116.390000 34.070000 0.061735 6.874780
BOM -115.730000 33.360000 0.050049 7.168716
BOR -116.420000 33.270000 0.062369 6.709864
BZN -116.670000 33.490000 0.055411 7.154554
CAP -117.190000 33.390000 0.057525 7.012956
CBX -116.660000 32.310000 0.067235 6.346576
CHF -118.030000 34.330000 0.066580 6.284507
CHN -117.680000 34.000000 0.038761 5.919885
CIA -118.420000 33.400000 0.076251 7.256629
CJM -117.420000 34.270000 0.050210 6.675613
CPE -117.110000 32.890000 0.066505 7.446827
CRY -116.740000 33.570000 0.060083 6.385991
CTC -115.990000 33.660000 0.051080 7.135569
DEC -118.330000 34.250000 0.047723 7.049007
DEV -116.580000 33.940000 0.041009 6.641688
DGR -117.010000 33.650000 0.060369 6.525095
DJJ -118.460000 34.110000 0.054550 6.299782
DNR -116.630000 33.570000 0.050683 7.107486
DPP -116.940000 33.000000 0.078701 7.933569
DVT -116.100000 32.660000 0.053036 6.987203
EDW -117.990000 34.880000 0.065266 6.297469
EDW2 -117.990000 34.880000 0.065384 6.316291
EML -116.850000 32.890000 0.076348 7.136660
ERR -115.820000 33.120000 0.064560 8.047936
FHO -116.940000 34.090000 0.055061 7.248413
FMP -118.290000 33.710000 0.047733 6.722887
FRD -116.600000 33.490000 0.058710 5.969010
GOR -117.230000 33.150000 0.062136 7.136311
HEC -116.330000 34.830000 0.053402 6.443255
HWB -116.960000 33.030000 0.081129 7.337180
IDO -116.220000 33.800000 0.048164 6.628179
IKP -116.110000 32.650000 0.057024 6.273926
IPT -117.280000 34.200000 0.045024 7.025762
IRM -115.150000 34.160000 0.053185 6.763555
JCS -116.600000 33.090000 0.066099 6.743683
JEM -116.600000 33.080000 0.070484 7.798027
JVA -116.610000 34.370000 0.055050 7.352738
KNW -116.710000 33.710000 0.061067 6.534933
LMR2 -117.700000 34.930000 0.063042 6.447613
LPC -117.550000 34.310000 0.062896 7.227051
LUG -117.370000 34.370000 0.044027 6.345105
LVA2 -116.560000 33.350000 0.059984 6.506938
MCT -116.040000 34.230000 0.059636 6.575206
MGD -116.760000 33.190000 0.066694 6.565786
MGE -116.370000 33.820000 0.039549 7.009039
MLS -117.560000 34.000000 0.034275 6.215144
MONP -116.420000 32.890000 0.067222 6.537065
MONP2 -116.400000 32.890000 0.067372 6.488938
MSC -116.650000 34.040000 0.058699 7.312018
MSJ -116.970000 33.810000 0.042286 7.217008
MUR -117.200000 33.600000 0.055518 7.273188
MWC -118.060000 34.220000 0.065652 7.309318
OLI -117.920000 33.950000 0.041409 6.939993
OLP -116.930000 32.610000 0.061445 7.347101
PDU -117.640000 34.120000 0.042865 6.614425
PER -117.210000 33.860000 0.050839 6.298279
PFO -116.460000 33.610000 0.058175 6.367435
PLM -116.860000 33.350000 0.063407 6.541925
PLS -117.610000 33.800000 0.053767 6.040600
PMD -116.380000 33.650000 0.062494 6.635030
PS -116.550000 33.820000 0.039615 5.969117
PSD -116.550000 33.820000 0.041286 5.994714
PSR -117.810000 34.090000 0.052455 6.768839
RDM -116.850000 33.630000 0.062545 6.695055
RRX -117.000000 34.880000 0.041280 6.482796
RSS -117.330000 33.970000 0.031563 6.476665
RVR -117.380000 33.990000 0.036227 6.030168
SAL -115.990000 33.280000 0.048529 6.789066
SBB2 -117.820000 34.690000 0.068369 6.518735
SBPX -117.230000 34.230000 0.057858 6.891962
SDD -117.660000 33.550000 0.035932 6.329548
SDR -116.940000 32.740000 0.072076 7.176971
SLB -115.870000 33.490000 0.051738 6.711526
SLR -116.800000 33.830000 0.060224 7.263733
SMER -117.170000 33.460000 0.054180 6.568253
SND -116.610000 33.550000 0.054897 6.789206
SNO -116.810000 34.040000 0.057878 6.160297
SPF -118.650000 34.060000 0.069205 6.735476
SRN -117.790000 33.830000 0.042893 6.548412
STG -117.770000 33.660000 0.034551 5.622202
SVD -117.100000 34.110000 0.047602 7.054071
SWS -115.800000 32.950000 0.061229 6.734803
TA2 -117.680000 34.380000 0.061620 6.716097
THX -116.160000 33.630000 0.057754 6.355784
TOR -116.230000 33.580000 0.053176 6.207822
TRO -116.430000 33.520000 0.053785 6.821809
VCS -118.120000 34.480000 0.053602 7.314208
VTV -117.330000 34.560000 0.045736 6.958444
WES -115.730000 32.760000 0.065248 7.674056
WMC -116.670000 33.570000 0.050550 7.174994
WWC -116.410000 33.940000 0.054886 6.596434
YAQ -116.350000 33.170000 0.063617 7.223031
