ADO -117.430000 34.550000 0.046910 7.909955
AGA -116.400000 33.640000 0.034302 5.939357
BAR -116.670000 32.680000 0.035935 7.611252
BBR -116.920000 34.260000 0.030404 6.874829
BBS -116.980000 33.920000 0.047878 7.602766
BC3 -115.450000 33.660000 0.033792 5.769421
BCC -117.260000 33.580000 0.029621 6.046699
BEL -116.000000 34.000000 0.034646 5.957198
BFS -117.660000 34.240000 0.025330 5.558007
BLA -116.390000 34.070000 0.033312 6.080322
BLA2 -116.390000 34.070000 0.035042 6.100921
BOM -115.730000 33.360000 0.032339 8.028139
BOR -116.420000 33.270000 0.035807 6.003980
BZN -116.670000 33.490000 0.028444 5.647765
CAP -117.190000 33.390000 0.030495 5.558789
CBX -116.660000 32.310000 0.036480 5.359919
CHF -118.030000 34.330000 0.031043 5.647820
CHN -117.680000 34.000000 0.052747 6.869084
CIA -118.420000 33.400000 0.036463 5.867670
CJM -117.420000 34.270000 0.026822 6.026735
COO -115.950000 32.750000 0.051043 6.445688
COON -115.950000 32.750000 0.051043 6.445688
CPE -117.110000 32.890000 0.033695 5.895742
CRY -116.740000 33.570000 0.031878 5.926782
CTC -115.990000 33.660000 0.040154 7.250297
DEC -118.330000 34.250000 0.033465 6.537623
DEV -116.580000 33.940000 0.038051 6.954998
DGR -117.010000 33.650000 0.032947 5.781374
DJJ -118.460000 34.110000 0.030416 6.072216
DNR -116.630000 33.570000 0.038807 6.941040
DPP -116.940000 33.000000 0.035159 5.795357
DVT -116.100000 32.660000 0.022415 5.777965
EDW -117.990000 34.880000 0.039089 5.692164
EDW2 -117.990000 34.880000 0.039878 5.719439
EML -116.850000 32.890000 0.038831 6.073750
ERR -115.820000 33.120000 0.024670 8.641936
FHO -116.940000 34.090000 0.030212 6.121902
FMP -118.290000 33.710000 0.042554 7.556604
FRD -116.600000 33.490000 0.034656 5.861827
GMR -115.660000 34.780000 0.041677 5.949633
GOR -117.230000 33.150000 0.032687 5.840712
HEC -116.330000 34.830000 0.041874 6.411475
HWB -116.960000 33.030000 0.033716 5.307245
IDO -116.220000 33.800000 0.035398 7.153803
IKP -116.110000 32.650000 0.029193 5.672556
IPT -117.280000 34.200000 0.026997 6.525025
IRM -115.150000 34.160000 0.032295 6.089647
JCS -116.600000 33.090000 0.035111 5.784253
JEM -116.600000 33.080000 0.032862 5.848570
JVA -116.610000 34.370000 0.027584 5.974024
KNW -116.710000 33.710000 0.028987 5.514875
LMR2 -117.700000 34.930000 0.029039 5.588557
LPC -117.550000 34.310000 0.028165 6.127864
LUC2 -116.960000 34.460000 0.039240 7.418424
LUG -117.370000 34.370000 0.032610 6.419515
LVA2 -116.560000 33.350000 0.034280 6.188369
MCT -116.040000 34.230000 0.034836 5.675230
MGD -116.760000 33.190000 0.024613 3.852750
MGE -116.370000 33.820000 0.040399 8.230367
MLS -117.560000 34.000000 0.026715 5.330761
MONP -116.420000 32.890000 0.033766 5.856195
MONP2 -116.400000 32.890000 0.035126 5.868830
MSC -116.650000 34.040000 0.032834 6.313327
MSJ -116.970000 33.810000 0.051855 8.784352
MUR -117.200000 33.600000 0.034894 5.882658
MWC -118.060000 34.220000 0.028586 5.838151
OLI -117.920000 33.950000 0.036972 7.007680
OLP -116.930000 32.610000 0.037215 5.765696
PDU -117.640000 34.120000 0.033221 6.621409
PER -117.210000 33.860000 0.030981 5.708531
PFO -116.460000 33.610000 0.032677 5.851500
PLM -116.860000 33.350000 0.031685 6.074368
PLS -117.610000 33.800000 0.032694 5.396291
PMD -116.380000 33.650000 0.034474 5.885630
PS -116.550000 33.820000 0.029551 5.785034
PSD -116.550000 33.820000 0.029609 5.770534
PSR -117.810000 34.090000 0.025566 6.316867
RDM -116.850000 33.630000 0.032828 5.788200
RRX -117.000000 34.880000 0.035266 6.813550
RSS -117.330000 33.970000 0.027349 5.165982
RVR -117.380000 33.990000 0.024025 5.355695
SAL -115.990000 33.280000 0.031140 7.411765
SBB2 -117.820000 34.690000 0.029877 5.480416
SBPX -117.230000 34.230000 0.024269 5.413202
SDD -117.660000 33.550000 0.049295 8.021192
SDR -116.940000 32.740000 0.033530 5.833776
SLB -115.870000 33.490000 0.040262 6.306356
SLR -116.800000 33.830000 0.028862 5.799989
SND -116.610000 33.550000 0.038196 6.658475
SNO -116.810000 34.040000 0.034770 5.883077
SRN -117.790000 33.830000 0.028638 6.540505
STG -117.770000 33.660000 0.027067 5.882002
SVD -117.100000 34.110000 0.031386 5.806497
SWS -115.800000 32.950000 0.032410 6.577688
TA2 -117.680000 34.380000 0.025704 5.448407
THX -116.160000 33.630000 0.046223 7.910617
TOR -116.230000 33.580000 0.049139 7.193682
TRO -116.430000 33.520000 0.030934 6.083671
VCS -118.120000 34.480000 0.030090 5.957410
WES -115.730000 32.760000 0.016977 7.952312
WMC -116.670000 33.570000 0.033785 6.172986
WWC -116.410000 33.940000 0.038621 6.354032
YAQ -116.350000 33.170000 0.036327 6.642871
